co_fips,co_name,state,mcode,mname,inflow2011_12,outflow2011_12,netflow2011_12,inflow2012_13,outflow2012_13,netflow2012_13,inflow2013_14,outflow2013_14,netflow2013_14,inflow2014_15,outflow2014_15,netflow2014_15,inflow2015_16,outflow2015_16,netflow2015_16,inflow2016_17,outflow2016_17,netflow2016_17,inflow2017_18,outflow2017_18,netflow2017_18,tot_inflow,tot_outflow,tot_netflow
36059,"Nassau County, NY",NY,35620,"New York-Newark-Jersey City, NY-NJ-PA",13995,22803,-8808,14458,24494,-10036,13877,25204,-11327,11900,20316,-8416,12884,26345,-13461,15446,35921,-20475,14062,30584,-16522,96622,185667,-89045
59000,Other flows - Different State,DS,59,Other flows - Different State,13850,16808,-2958,14062,17381,-3319,21728,25405,-3677,19743,23807,-4064,19539,25100,-5561,19978,27303,-7325,20162,23926,-3764,129062,159730,-30668
36119,"Westchester County, NY",NY,35620,"New York-Newark-Jersey City, NY-NJ-PA",11588,16967,-5379,10806,18414,-7608,10438,17173,-6735,9048,13986,-4938,9771,18833,-9062,11157,25211,-14054,9902,19826,-9924,72710,130410,-57700
36103,"Suffolk County, NY",NY,35620,"New York-Newark-Jersey City, NY-NJ-PA",8838,9785,-947,7493,9636,-2143,7056,9271,-2215,5837,8171,-2334,6593,9608,-3015,7366,13228,-5862,6907,11997,-5090,50090,71696,-21606
34017,"Hudson County, NJ",NJ,35620,"New York-Newark-Jersey City, NY-NJ-PA",6308,8761,-2453,6270,9141,-2871,5729,8818,-3089,4709,7273,-2564,5282,9862,-4580,6572,13901,-7329,5990,11474,-5484,40860,69230,-28370
34003,"Bergen County, NJ",NJ,35620,"New York-Newark-Jersey City, NY-NJ-PA",5393,7687,-2294,4436,7977,-3541,4315,7124,-2809,3860,5816,-1956,3978,7815,-3837,4522,10863,-6341,4297,8987,-4690,30801,56269,-25468
06037,"Los Angeles County, CA",CA,31080,"Los Angeles-Long Beach-Anaheim, CA",4297,5821,-1524,4265,7374,-3109,4231,6395,-2164,3465,5365,-1900,4415,8026,-3611,5229,10556,-5327,4412,8358,-3946,30314,51895,-21581
12086,"Miami-Dade County, FL",FL,33100,"Miami-Fort Lauderdale-Pompano Beach, FL",3755,4381,-626,3862,3771,91,2571,3483,-912,2062,3033,-971,2182,3760,-1578,2707,4206,-1499,2243,3546,-1303,19382,26180,-6798
34013,"Essex County, NJ",NJ,35620,"New York-Newark-Jersey City, NY-NJ-PA",3536,5180,-1644,3114,5536,-2422,2996,5819,-2823,2861,4791,-1930,2906,6563,-3657,3256,9593,-6337,3369,8159,-4790,22038,45641,-23603
09001,"Fairfield County, CT",CT,14860,"Bridgeport-Stamford-Norwalk, CT",3412,5422,-2010,3473,5834,-2361,3546,5566,-2020,2966,4283,-1317,3446,5758,-2312,3660,8323,-4663,3765,6855,-3090,24268,42041,-17773
34023,"Middlesex County, NJ",NJ,35620,"New York-Newark-Jersey City, NY-NJ-PA",3297,4411,-1114,2435,4257,-1822,2413,4229,-1816,2080,3086,-1006,2114,3887,-1773,2303,5826,-3523,2215,5068,-2853,16857,30764,-13907
42101,"Philadelphia County, PA",PA,37980,"Philadelphia-Camden-Wilmington, PA-NJ-DE-MD",2937,3813,-876,2747,3289,-542,2441,3071,-630,1954,2748,-794,2326,3827,-1501,2614,5383,-2769,2410,4743,-2333,17429,26874,-9445
17031,"Cook County, IL",IL,16980,"Chicago-Naperville-Elgin, IL-IN-WI",2704,2937,-233,2734,3071,-337,2454,2558,-104,1987,1940,47,2766,2927,-161,3623,4039,-416,2808,2966,-158,19076,20438,-1362
12011,"Broward County, FL",FL,33100,"Miami-Fort Lauderdale-Pompano Beach, FL",2667,3941,-1274,2852,3627,-775,2222,3525,-1303,1833,2938,-1105,1698,3595,-1897,1978,4562,-2584,1874,3579,-1705,15124,25767,-10643
12095,"Orange County, FL",FL,36740,"Orlando-Kissimmee-Sanford, FL",1917,2768,-851,1658,2846,-1188,1482,2770,-1288,1109,2153,-1044,1170,3151,-1981,1349,3912,-2563,1320,2774,-1454,10005,20374,-10369
11001,"District of Columbia, DC",DC,47900,"Washington-Arlington-Alexandria, DC-VA-MD-WV",1902,1534,368,1954,1500,454,1771,1543,228,1382,1139,243,2200,1638,562,2949,2361,588,2172,1693,479,14330,11408,2922
12099,"Palm Beach County, FL",FL,33100,"Miami-Fort Lauderdale-Pompano Beach, FL",1832,2682,-850,1721,2661,-940,1471,2649,-1178,1116,2376,-1260,1101,2901,-1800,1432,3649,-2217,1358,2714,-1356,10031,19632,-9601
25017,"Middlesex County, MA",MA,14460,"Boston-Cambridge-Newton, MA-NH",1824,1723,101,1877,1826,51,1716,1595,121,1381,1219,162,1742,1745,-3,2508,2506,2,1971,1801,170,13019,12415,604
36087,"Rockland County, NY",NY,35620,"New York-Newark-Jersey City, NY-NJ-PA",1738,2608,-870,1662,2795,-1133,1580,2762,-1182,1383,2443,-1060,1501,3218,-1717,1622,5077,-3455,1533,3754,-2221,11019,22657,-11638
36071,"Orange County, NY",NY,39100,"Poughkeepsie-Newburgh-Middletown, NY",1707,2849,-1142,1686,3267,-1581,1572,3255,-1683,1402,2836,-1434,1338,3787,-2449,1626,6071,-4445,1732,5045,-3313,11063,27110,-16047
09009,"New Haven County, CT",CT,35300,"New Haven-Milford, CT",1697,2268,-571,1517,2027,-510,1349,1950,-601,1211,1699,-488,1367,2107,-740,1505,3068,-1563,1471,2830,-1359,10117,15949,-5832
34025,"Monmouth County, NJ",NJ,35620,"New York-Newark-Jersey City, NY-NJ-PA",1696,2691,-995,1809,3036,-1227,1706,2833,-1127,1516,2029,-513,1382,3188,-1806,1649,5441,-3792,1748,4495,-2747,11506,23713,-12207
25025,"Suffolk County, MA",MA,14460,"Boston-Cambridge-Newton, MA-NH",1668,1447,221,1756,1482,274,1636,1416,220,1126,1237,-111,1774,1662,112,2431,2148,283,1883,1729,154,12274,11121,1153
34039,"Union County, NJ",NJ,35620,"New York-Newark-Jersey City, NY-NJ-PA",1634,2849,-1215,1645,2857,-1212,1481,2729,-1248,1355,2282,-927,1295,3141,-1846,1433,4837,-3404,1578,4044,-2466,10421,22739,-12318
34031,"Passaic County, NJ",NJ,35620,"New York-Newark-Jersey City, NY-NJ-PA",1609,2000,-391,1268,1844,-576,1174,1860,-686,1053,1608,-555,1062,1913,-851,1172,2668,-1496,1096,2367,-1271,8434,14260,-5826
06075,"San Francisco County, CA",CA,41860,"San Francisco-Oakland-Berkeley, CA",1592,2165,-573,1658,2175,-517,1663,2548,-885,1334,1829,-495,2097,2813,-716,3027,3516,-489,2516,2737,-221,13887,17783,-3896
12057,"Hillsborough County, FL",FL,45300,"Tampa-St. Petersburg-Clearwater, FL",1372,1765,-393,1114,1539,-425,816,1545,-729,750,1409,-659,755,1821,-1066,920,2344,-1424,715,1814,-1099,6442,12237,-5795
42077,"Lehigh County, PA",PA,10900,"Allentown-Bethlehem-Easton, PA-NJ",1346,1848,-502,1068,1466,-398,656,1306,-650,592,1244,-652,616,1588,-972,575,2197,-1622,624,1816,-1192,5477,11465,-5988
48201,"Harris County, TX",TX,26420,"Houston-The Woodlands-Sugar Land, TX",1207,1897,-690,1187,2341,-1154,1040,2288,-1248,917,1920,-1003,1169,2683,-1514,1548,2687,-1139,1436,1997,-561,8504,15813,-7309
13121,"Fulton County, GA",GA,12060,"Atlanta-Sandy Springs-Alpharetta, GA",1169,1257,-88,1099,1410,-311,1000,1306,-306,755,982,-227,865,1417,-552,1104,1788,-684,993,1412,-419,6985,9572,-2587
09003,"Hartford County, CT",CT,25540,"Hartford-East Hartford-Middletown, CT",1107,1294,-187,975,1256,-281,910,1208,-298,780,980,-200,835,1127,-292,954,1522,-568,891,1387,-496,6452,8774,-2322
24031,"Montgomery County, MD",MD,47900,"Washington-Arlington-Alexandria, DC-VA-MD-WV",1092,1211,-119,1019,1318,-299,949,1370,-421,924,1027,-103,1035,1298,-263,1238,1694,-456,1028,1222,-194,7285,9140,-1855
06073,"San Diego County, CA",CA,41740,"San Diego-Chula Vista-Carlsbad, CA",1073,1193,-120,1028,1232,-204,932,1223,-291,715,993,-278,908,1358,-450,1089,1681,-592,950,1402,-452,6695,9082,-2387
36027,"Dutchess County, NY",NY,39100,"Poughkeepsie-Newburgh-Middletown, NY",1038,1533,-495,951,1751,-800,923,1603,-680,840,1347,-507,828,1939,-1111,995,2823,-1828,953,2408,-1455,6528,13404,-6876
37119,"Mecklenburg County, NC",NC,16740,"Charlotte-Concord-Gastonia, NC-SC",999,1621,-622,906,1520,-614,827,1631,-804,710,1269,-559,712,1812,-1100,954,2233,-1279,831,1771,-940,5939,11857,-5918
42089,"Monroe County, PA",PA,20700,"East Stroudsburg, PA",959,1425,-466,875,1488,-613,898,1741,-843,727,1466,-739,647,1688,-1041,650,2750,-2100,752,2227,-1475,5508,12785,-7277
53033,"King County, WA",WA,42660,"Seattle-Tacoma-Bellevue, WA",941,1227,-286,1018,1343,-325,995,1366,-371,763,1018,-255,1050,1747,-697,1350,2615,-1265,1144,2031,-887,7261,11347,-4086
34027,"Morris County, NJ",NJ,35620,"New York-Newark-Jersey City, NY-NJ-PA",928,1093,-165,924,1261,-337,929,1249,-320,920,883,37,972,1112,-140,1036,1635,-599,1048,1210,-162,6757,8443,-1686
44007,"Providence County, RI",RI,39300,"Providence-Warwick, RI-MA",874,924,-50,684,934,-250,610,843,-233,507,735,-228,647,863,-216,614,1151,-537,488,922,-434,4424,6372,-1948
13089,"DeKalb County, GA",GA,12060,"Atlanta-Sandy Springs-Alpharetta, GA",852,931,-79,786,994,-208,659,1016,-357,460,810,-350,559,1055,-496,694,1233,-539,544,1014,-470,4554,7053,-2499
48113,"Dallas County, TX",TX,19100,"Dallas-Fort Worth-Arlington, TX",843,1278,-435,861,1164,-303,719,1071,-352,532,812,-280,620,1122,-502,921,1432,-511,854,1142,-288,5350,8021,-2671
06059,"Orange County, CA",CA,31080,"Los Angeles-Long Beach-Anaheim, CA",835,756,79,811,944,-133,691,848,-157,631,631,0,675,947,-272,814,1391,-577,851,990,-139,5308,6507,-1199
04013,"Maricopa County, AZ",AZ,38060,"Phoenix-Mesa-Chandler, AZ",830,1006,-176,805,1034,-229,789,997,-208,524,900,-376,652,1224,-572,839,1408,-569,678,1237,-559,5117,7806,-2689
34021,"Mercer County, NJ",NJ,45940,"Trenton-Princeton, NJ",815,968,-153,797,863,-66,813,885,-72,698,710,-12,680,988,-308,924,1368,-444,762,1152,-390,5489,6934,-1445
13135,"Gwinnett County, GA",GA,12060,"Atlanta-Sandy Springs-Alpharetta, GA",800,1186,-386,783,1170,-387,607,1164,-557,372,1020,-648,493,1255,-762,474,1663,-1189,499,1409,-910,4028,8867,-4839
58000,Other flows - Same State,SS,58,Other flows - Same State,785,895,-110,746,906,-160,1345,1577,-232,1303,1310,-7,1364,1612,-248,1361,1663,-302,1248,1433,-185,8152,9396,-1244
51059,"Fairfax County, VA",VA,47900,"Washington-Arlington-Alexandria, DC-VA-MD-WV",772,811,-39,811,919,-108,844,891,-47,716,684,32,706,935,-229,880,1255,-375,734,891,-157,5463,6386,-923
34029,"Ocean County, NJ",NJ,35620,"New York-Newark-Jersey City, NY-NJ-PA",769,1450,-681,739,1514,-775,626,1362,-736,580,1163,-583,573,1776,-1203,680,3249,-2569,736,3112,-2376,4703,13626,-8923
36001,"Albany County, NY",NY,10580,"Albany-Schenectady-Troy, NY",731,957,-226,711,1069,-358,629,909,-280,608,826,-218,695,1035,-340,776,1399,-623,709,1140,-431,4859,7335,-2476
06001,"Alameda County, CA",CA,41860,"San Francisco-Oakland-Berkeley, CA",715,960,-245,687,1089,-402,699,1142,-443,547,878,-331,824,1445,-621,1229,1711,-482,1031,1261,-230,5732,8486,-2754
24510,"Baltimore city, MD",MD,12580,"Baltimore-Columbia-Towson, MD",695,710,-15,584,766,-182,624,1032,-408,711,582,129,685,892,-207,857,994,-137,679,829,-150,4835,5805,-970
10003,"New Castle County, DE",DE,37980,"Philadelphia-Camden-Wilmington, PA-NJ-DE-MD",673,723,-50,442,693,-251,427,587,-160,360,601,-241,379,754,-375,426,889,-463,392,735,-343,3099,4982,-1883
34035,"Somerset County, NJ",NJ,35620,"New York-Newark-Jersey City, NY-NJ-PA",671,837,-166,677,898,-221,710,721,-11,683,634,49,596,733,-137,761,1061,-300,711,1021,-310,4809,5905,-1096
25009,"Essex County, MA",MA,14460,"Boston-Cambridge-Newton, MA-NH",662,868,-206,603,769,-166,446,679,-233,465,585,-120,485,708,-223,446,819,-373,519,666,-147,3626,5094,-1468
36111,"Ulster County, NY",NY,28740,"Kingston, NY",656,831,-175,556,826,-270,501,833,-332,413,749,-336,495,1056,-561,539,1364,-825,500,1095,-595,3660,6754,-3094
25021,"Norfolk County, MA",MA,14460,"Boston-Cambridge-Newton, MA-NH",651,725,-74,700,772,-72,540,609,-69,518,640,-122,634,760,-126,710,968,-258,671,739,-68,4424,5213,-789
06085,"Santa Clara County, CA",CA,41940,"San Jose-Sunnyvale-Santa Clara, CA",643,860,-217,676,897,-221,640,1018,-378,940,696,244,682,1201,-519,1057,1599,-542,898,1267,-369,5536,7538,-2002
36029,"Erie County, NY",NY,15380,"Buffalo-Cheektowaga, NY",630,937,-307,682,1019,-337,648,991,-343,569,827,-258,626,1150,-524,672,1640,-968,616,1713,-1097,4443,8277,-3834
32003,"Clark County, NV",NV,29820,"Las Vegas-Henderson-Paradise, NV",624,1007,-383,645,967,-322,499,851,-352,364,767,-403,424,944,-520,632,1155,-523,450,980,-530,3638,6671,-3033
39049,"Franklin County, OH",OH,18140,"Columbus, OH",624,652,-28,589,798,-209,512,737,-225,428,631,-203,455,840,-385,585,1256,-671,533,901,-368,3726,5815,-2089
36055,"Monroe County, NY",NY,40380,"Rochester, NY",608,741,-133,524,762,-238,580,633,-53,459,474,-15,492,624,-132,642,851,-209,607,674,-67,3912,4759,-847
12097,"Osceola County, FL",FL,36740,"Orlando-Kissimmee-Sanford, FL",601,1183,-582,638,1242,-604,503,1232,-729,417,1027,-610,384,1389,-1005,439,1718,-1279,484,1477,-993,3466,9268,-5802
37183,"Wake County, NC",NC,39580,"Raleigh-Cary, NC",594,1127,-533,602,1055,-453,553,1077,-524,495,791,-296,519,1306,-787,582,1707,-1125,515,1234,-719,3860,8297,-4437
42091,"Montgomery County, PA",PA,37980,"Philadelphia-Camden-Wilmington, PA-NJ-DE-MD",588,631,-43,530,627,-97,589,665,-76,487,407,80,502,581,-79,587,905,-318,493,770,-277,3776,4586,-810
42003,"Allegheny County, PA",PA,38300,"Pittsburgh, PA",552,672,-120,558,723,-165,488,579,-91,456,431,25,565,658,-93,666,1002,-336,516,746,-230,3801,4811,-1010
42079,"Luzerne County, PA",PA,42540,"Scranton--Wilkes-Barre, PA",545,1229,-684,590,1067,-477,465,967,-502,391,883,-492,387,1142,-755,358,1856,-1498,503,1459,-956,3239,8603,-5364
34007,"Camden County, NJ",NJ,37980,"Philadelphia-Camden-Wilmington, PA-NJ-DE-MD",544,733,-189,498,597,-99,403,436,-33,379,461,-82,297,576,-279,346,785,-439,377,648,-271,2844,4236,-1392
42011,"Berks County, PA",PA,39740,"Reading, PA",522,850,-328,492,931,-439,411,751,-340,398,657,-259,355,776,-421,358,1181,-823,413,1079,-666,2949,6225,-3276
27053,"Hennepin County, MN",MN,33460,"Minneapolis-St. Paul-Bloomington, MN-WI",518,566,-48,516,458,58,455,490,-35,352,368,-16,464,598,-134,547,899,-352,484,604,-120,3336,3983,-647
24033,"Prince George's County, MD",MD,47900,"Washington-Arlington-Alexandria, DC-VA-MD-WV",516,678,-162,540,716,-176,546,974,-428,728,770,-42,624,763,-139,680,1019,-339,533,795,-262,4167,5715,-1548
48453,"Travis County, TX",TX,12420,"Austin-Round Rock-Georgetown, TX",510,1702,-1192,972,4452,-3480,1560,4267,-2707,3067,3308,-241,2602,1614,988,1252,1867,-615,1049,1350,-301,11012,18560,-7548
12103,"Pinellas County, FL",FL,45300,"Tampa-St. Petersburg-Clearwater, FL",502,669,-167,401,692,-291,340,656,-316,256,587,-331,294,712,-418,300,905,-605,355,731,-376,2448,4952,-2504
24005,"Baltimore County, MD",MD,12580,"Baltimore-Columbia-Towson, MD",494,768,-274,503,676,-173,474,887,-413,526,637,-111,573,744,-171,524,959,-435,464,747,-283,3558,5418,-1860
13067,"Cobb County, GA",GA,12060,"Atlanta-Sandy Springs-Alpharetta, GA",480,553,-73,433,650,-217,310,708,-398,262,467,-205,269,603,-334,352,798,-446,304,597,-293,2410,4376,-1966
36079,"Putnam County, NY",NY,35620,"New York-Newark-Jersey City, NY-NJ-PA",474,823,-349,391,933,-542,499,849,-350,370,705,-335,417,1021,-604,429,1371,-942,458,1037,-579,3038,6739,-3701
36067,"Onondaga County, NY",NY,45060,"Syracuse, NY",473,496,-23,430,517,-87,432,466,-34,408,431,-23,432,527,-95,445,650,-205,403,593,-190,3023,3680,-657
12031,"Duval County, FL",FL,27260,"Jacksonville, FL",465,493,-28,413,563,-150,311,539,-228,281,486,-205,301,642,-341,433,813,-380,360,618,-258,2564,4154,-1590
12071,"Lee County, FL",FL,15980,"Cape Coral-Fort Myers, FL",456,584,-128,312,663,-351,234,638,-404,220,514,-294,178,672,-494,228,748,-520,259,694,-435,1887,4513,-2626
34005,"Burlington County, NJ",NJ,37980,"Philadelphia-Camden-Wilmington, PA-NJ-DE-MD",453,556,-103,407,504,-97,345,439,-94,353,356,-3,297,505,-208,376,669,-293,291,664,-373,2522,3693,-1171
36105,"Sullivan County, NY",NY,0,non-metro,453,635,-182,419,802,-383,522,541,-19,334,474,-140,316,992,-676,631,1146,-515,517,814,-297,3192,5404,-2212
39035,"Cuyahoga County, OH",OH,17460,"Cleveland-Elyria, OH",447,604,-157,462,547,-85,364,524,-160,338,426,-88,328,580,-252,480,865,-385,461,629,-168,2880,4175,-1295
12021,"Collier County, FL",FL,34940,"Naples-Marco Island, FL",445,321,124,202,381,-179,65,296,-231,97,214,-117,117,333,-216,107,425,-318,137,397,-260,1170,2367,-1197
09011,"New London County, CT",CT,35980,"Norwich-New London, CT",407,417,-10,412,385,27,308,366,-58,319,342,-23,291,345,-54,319,455,-136,232,359,-127,2288,2669,-381
26163,"Wayne County, MI",MI,19820,"Detroit-Warren-Dearborn, MI",406,785,-379,457,509,-52,273,492,-219,368,461,-93,306,951,-645,362,896,-534,341,1027,-686,2513,5121,-2608
51013,"Arlington County, VA",VA,47900,"Washington-Arlington-Alexandria, DC-VA-MD-WV",393,422,-29,476,384,92,462,357,105,318,299,19,428,420,8,595,578,17,486,420,66,3158,2880,278
26125,"Oakland County, MI",MI,19820,"Detroit-Warren-Dearborn, MI",389,350,39,370,443,-73,353,307,46,278,258,20,342,376,-34,395,461,-66,328,431,-103,2455,2626,-171
42017,"Bucks County, PA",PA,37980,"Philadelphia-Camden-Wilmington, PA-NJ-DE-MD",388,548,-160,392,477,-85,359,457,-98,340,339,1,294,528,-234,377,705,-328,347,615,-268,2497,3669,-1172
41051,"Multnomah County, OR",OR,38900,"Portland-Vancouver-Hillsboro, OR-WA",386,450,-64,329,548,-219,307,562,-255,248,431,-183,357,823,-466,479,924,-445,470,688,-218,2576,4426,-1850
42095,"Northampton County, PA",PA,10900,"Allentown-Bethlehem-Easton, PA-NJ",385,666,-281,357,736,-379,229,751,-522,267,539,-272,247,816,-569,307,1246,-939,329,936,-607,2121,5690,-3569
12105,"Polk County, FL",FL,29460,"Lakeland-Winter Haven, FL",385,572,-187,347,520,-173,197,623,-426,229,491,-262,156,708,-552,167,889,-722,210,820,-610,1691,4623,-2932
34001,"Atlantic County, NJ",NJ,12100,"Atlantic City-Hammonton, NJ",380,507,-127,299,380,-81,375,289,86,332,215,117,326,246,80,276,283,-7,252,275,-23,2240,2195,45
15003,"Honolulu County, HI",HI,46520,"Urban Honolulu, HI",365,397,-32,330,408,-78,247,380,-133,263,314,-51,235,385,-150,353,428,-75,296,340,-44,2089,2652,-563
25027,"Worcester County, MA",MA,49340,"Worcester, MA-CT",364,485,-121,393,500,-107,349,455,-106,338,405,-67,329,495,-166,281,567,-286,270,503,-233,2324,3410,-1086
42045,"Delaware County, PA",PA,37980,"Philadelphia-Camden-Wilmington, PA-NJ-DE-MD",363,509,-146,357,533,-176,284,465,-181,326,325,1,256,432,-176,291,610,-319,301,565,-264,2178,3439,-1261
51810,"Virginia Beach city, VA",VA,47260,"Virginia Beach-Norfolk-Newport News, VA-NC",362,426,-64,307,511,-204,266,424,-158,256,325,-69,243,366,-123,218,495,-277,239,429,-190,1891,2976,-1085
25013,"Hampden County, MA",MA,44140,"Springfield, MA",341,444,-103,268,413,-145,244,385,-141,187,305,-118,226,325,-99,242,491,-249,186,351,-165,1694,2714,-1020
37063,"Durham County, NC",NC,20500,"Durham-Chapel Hill, NC",334,407,-73,331,377,-46,258,364,-106,222,318,-96,248,425,-177,395,560,-165,258,418,-160,2046,2869,-823
12117,"Seminole County, FL",FL,36740,"Orlando-Kissimmee-Sanford, FL",321,621,-300,331,664,-333,200,520,-320,248,503,-255,237,612,-375,289,1002,-713,315,648,-333,1941,4570,-2629
06081,"San Mateo County, CA",CA,41860,"San Francisco-Oakland-Berkeley, CA",318,382,-64,289,500,-211,304,494,-190,252,392,-140,306,661,-355,459,783,-324,417,684,-267,2345,3896,-1551
36007,"Broome County, NY",NY,13780,"Binghamton, NY",310,453,-143,283,607,-324,282,612,-330,287,428,-141,244,483,-239,359,610,-251,302,502,-200,2067,3695,-1628
08031,"Denver County, CO",CO,19740,"Denver-Aurora-Lakewood, CO",306,494,-188,305,465,-160,272,545,-273,212,471,-259,299,790,-491,413,1346,-933,382,1004,-622,2189,5115,-2926
36109,"Tompkins County, NY",NY,27060,"Ithaca, NY",304,237,67,295,266,29,264,222,42,218,159,59,303,229,74,385,318,67,270,239,31,2039,1670,369
48439,"Tarrant County, TX",TX,19100,"Dallas-Fort Worth-Arlington, TX",283,532,-249,313,528,-215,242,478,-236,230,448,-218,259,615,-356,269,869,-600,304,536,-232,1900,4006,-2106
26161,"Washtenaw County, MI",MI,11460,"Ann Arbor, MI",280,235,45,227,243,-16,232,178,54,146,122,24,218,198,20,372,358,14,280,248,32,1755,1582,173
42071,"Lancaster County, PA",PA,29540,"Lancaster, PA",278,459,-181,231,386,-155,185,312,-127,187,261,-74,161,347,-186,132,495,-363,97,423,-326,1271,2683,-1412
06013,"Contra Costa County, CA",CA,41860,"San Francisco-Oakland-Berkeley, CA",275,318,-43,244,354,-110,247,344,-97,213,288,-75,262,391,-129,327,540,-213,250,424,-174,1818,2659,-841
47037,"Davidson County, TN",TN,34980,"Nashville-Davidson--Murfreesboro--Franklin, TN",264,375,-111,338,406,-68,246,411,-165,183,400,-217,288,635,-347,394,855,-461,358,589,-231,2071,3671,-1600
39061,"Hamilton County, OH",OH,17140,"Cincinnati, OH-KY-IN",258,275,-17,304,302,2,212,328,-116,148,157,-9,248,272,-24,300,475,-175,295,276,19,1765,2085,-320
51710,"Norfolk city, VA",VA,47260,"Virginia Beach-Norfolk-Newport News, VA-NC",258,301,-43,226,272,-46,153,302,-149,114,259,-145,196,275,-79,156,286,-130,131,274,-143,1234,1969,-735
12127,"Volusia County, FL",FL,19660,"Deltona-Daytona Beach-Ormond Beach, FL",254,406,-152,281,514,-233,239,437,-198,194,410,-216,170,485,-315,184,709,-525,138,504,-366,1460,3465,-2005
29189,"St. Louis County, MO",MO,41180,"St. Louis, MO-IL",251,219,32,270,260,10,193,244,-51,160,129,31,272,239,33,262,321,-59,162,240,-78,1570,1652,-82
18097,"Marion County, IN",IN,26900,"Indianapolis-Carmel-Anderson, IN",243,448,-205,264,269,-5,184,249,-65,116,274,-158,162,376,-214,226,423,-197,138,416,-278,1333,2455,-1122
42103,"Pike County, PA",PA,35620,"New York-Newark-Jersey City, NY-NJ-PA",243,453,-210,240,444,-204,257,390,-133,189,374,-185,114,375,-261,58,603,-545,161,470,-309,1262,3109,-1847
06065,"Riverside County, CA",CA,40140,"Riverside-San Bernardino-Ontario, CA",242,254,-12,188,298,-110,187,267,-80,141,198,-57,185,293,-108,228,384,-156,175,271,-96,1346,1965,-619
49035,"Salt Lake County, UT",UT,41620,"Salt Lake City, UT",241,234,7,235,271,-36,194,209,-15,134,110,24,216,252,-36,264,327,-63,239,225,14,1523,1628,-105
48029,"Bexar County, TX",TX,41700,"San Antonio-New Braunfels, TX",240,411,-171,340,454,-114,241,418,-177,222,321,-99,218,450,-232,319,639,-320,269,428,-159,1849,3121,-1272
55025,"Dane County, WI",WI,31540,"Madison, WI",239,169,70,179,173,6,120,148,-28,105,71,34,199,167,32,265,245,20,201,165,36,1308,1138,170
37081,"Guilford County, NC",NC,24660,"Greensboro-High Point, NC",232,388,-156,236,438,-202,227,325,-98,163,293,-130,108,301,-193,216,433,-217,160,419,-259,1342,2597,-1255
24003,"Anne Arundel County, MD",MD,12580,"Baltimore-Columbia-Towson, MD",230,320,-90,241,290,-49,177,236,-59,220,206,14,183,331,-148,230,400,-170,193,289,-96,1474,2072,-598
12101,"Pasco County, FL",FL,45300,"Tampa-St. Petersburg-Clearwater, FL",230,409,-179,257,419,-162,102,334,-232,97,259,-162,72,562,-490,121,732,-611,115,530,-415,994,3245,-2251
51153,"Prince William County, VA",VA,47900,"Washington-Arlington-Alexandria, DC-VA-MD-WV",229,372,-143,211,267,-56,167,267,-100,126,209,-83,149,285,-136,211,458,-247,197,315,-118,1290,2173,-883
12083,"Marion County, FL",FL,36100,"Ocala, FL",228,317,-89,142,322,-180,114,290,-176,0,233,-233,87,288,-201,0,407,-407,53,298,-245,624,2155,-1531
06071,"San Bernardino County, CA",CA,40140,"Riverside-San Bernardino-Ontario, CA",228,209,19,239,270,-31,180,186,-6,203,163,40,158,253,-95,182,338,-156,178,276,-98,1368,1695,-327
36093,"Schenectady County, NY",NY,10580,"Albany-Schenectady-Troy, NY",227,583,-356,330,484,-154,259,555,-296,244,444,-200,254,577,-323,242,859,-617,280,698,-418,1836,4200,-2364
37051,"Cumberland County, NC",NC,22180,"Fayetteville, NC",225,436,-211,288,411,-123,184,356,-172,187,267,-80,157,329,-172,203,422,-219,166,335,-169,1410,2556,-1146
47157,"Shelby County, TN",TN,32820,"Memphis, TN-MS-AR",224,255,-31,211,209,2,164,130,34,130,75,55,154,141,13,132,274,-142,91,265,-174,1106,1349,-243
09005,"Litchfield County, CT",CT,45860,"Torrington, CT",222,327,-105,233,348,-115,193,350,-157,228,253,-25,196,340,-144,222,466,-244,237,401,-164,1531,2485,-954
12009,"Brevard County, FL",FL,37340,"Palm Bay-Melbourne-Titusville, FL",221,474,-253,256,424,-168,209,402,-193,164,330,-166,134,455,-321,223,592,-369,193,478,-285,1400,3155,-1755
22071,"Orleans Parish, LA",LA,35380,"New Orleans-Metairie, LA",218,316,-98,204,331,-127,178,325,-147,131,216,-85,238,426,-188,343,467,-124,270,250,20,1582,2331,-749
45079,"Richland County, SC",SC,17900,"Columbia, SC",217,247,-30,189,288,-99,141,130,11,82,113,-31,128,163,-35,156,296,-140,113,220,-107,1026,1457,-431
42029,"Chester County, PA",PA,37980,"Philadelphia-Camden-Wilmington, PA-NJ-DE-MD",217,281,-64,264,292,-28,217,271,-54,201,164,37,219,208,11,239,332,-93,232,213,19,1589,1761,-172
55079,"Milwaukee County, WI",WI,33340,"Milwaukee-Waukesha, WI",215,225,-10,193,216,-23,188,177,11,90,129,-39,194,158,36,179,264,-85,118,153,-35,1177,1322,-145
12111,"St. Lucie County, FL",FL,38940,"Port St. Lucie, FL",207,418,-211,216,370,-154,131,384,-253,74,350,-276,82,479,-397,104,579,-475,109,460,-351,923,3040,-2117
37133,"Onslow County, NC",NC,27340,"Jacksonville, NC",206,150,56,168,175,-7,99,153,-54,39,163,-124,75,75,0,172,191,-19,42,183,-141,801,1090,-289
48085,"Collin County, TX",TX,19100,"Dallas-Fort Worth-Arlington, TX",206,343,-137,230,368,-138,189,390,-201,141,257,-116,194,419,-225,247,674,-427,231,457,-226,1438,2908,-1470
45019,"Charleston County, SC",SC,16700,"Charleston-North Charleston, SC",203,286,-83,166,318,-152,150,334,-184,145,151,-6,125,472,-347,216,476,-260,141,374,-233,1146,2411,-1265
13063,"Clayton County, GA",GA,12060,"Atlanta-Sandy Springs-Alpharetta, GA",201,379,-178,325,291,34,150,340,-190,52,336,-284,61,443,-382,103,509,-406,157,380,-223,1049,2678,-1629
53053,"Pierce County, WA",WA,42660,"Seattle-Tacoma-Bellevue, WA",200,155,45,113,191,-78,131,143,-12,28,83,-55,62,155,-93,125,142,-17,74,213,-139,733,1082,-349
17097,"Lake County, IL",IL,16980,"Chicago-Naperville-Elgin, IL-IN-WI",197,209,-12,181,218,-37,119,158,-39,116,116,0,125,83,42,178,134,44,110,102,8,1026,1020,6
42069,"Lackawanna County, PA",PA,42540,"Scranton--Wilkes-Barre, PA",196,332,-136,186,270,-84,153,282,-129,150,271,-121,97,307,-210,168,483,-315,99,383,-284,1049,2328,-1279
17043,"DuPage County, IL",IL,16980,"Chicago-Naperville-Elgin, IL-IN-WI",196,165,31,200,177,23,149,179,-30,103,176,-73,116,157,-41,166,301,-135,131,248,-117,1061,1403,-342
42043,"Dauphin County, PA",PA,25420,"Harrisburg-Carlisle, PA",192,293,-101,180,323,-143,173,311,-138,82,322,-240,98,307,-209,186,549,-363,191,537,-346,1102,2642,-1540
42133,"York County, PA",PA,49620,"York-Hanover, PA",190,292,-102,153,278,-125,108,251,-143,34,135,-101,68,229,-161,108,427,-319,30,319,-289,691,1931,-1240
25015,"Hampshire County, MA",MA,44140,"Springfield, MA",190,169,21,119,198,-79,136,157,-21,90,98,-8,102,114,-12,138,235,-97,161,119,42,936,1090,-154
51087,"Henrico County, VA",VA,40060,"Richmond, VA",190,339,-149,189,310,-121,163,287,-124,178,240,-62,166,293,-127,170,297,-127,145,328,-183,1201,2094,-893
36083,"Rensselaer County, NY",NY,10580,"Albany-Schenectady-Troy, NY",189,255,-66,209,243,-34,161,278,-117,137,244,-107,129,335,-206,209,308,-99,147,249,-102,1181,1912,-731
01073,"Jefferson County, AL",AL,13820,"Birmingham-Hoover, AL",181,177,4,157,184,-27,85,117,-32,42,39,3,119,53,66,116,114,2,99,159,-60,799,843,-44
48141,"El Paso County, TX",TX,21340,"El Paso, TX",181,189,-8,152,171,-19,84,134,-50,58,98,-40,34,158,-124,161,194,-33,116,130,-14,786,1074,-288
36091,"Saratoga County, NY",NY,10580,"Albany-Schenectady-Troy, NY",180,214,-34,192,281,-89,167,225,-58,175,251,-76,201,283,-82,182,356,-174,194,296,-102,1291,1906,-615
13051,"Chatham County, GA",GA,42340,"Savannah, GA",179,209,-30,198,179,19,80,169,-89,43,99,-56,96,105,-9,161,222,-61,118,151,-33,875,1134,-259
48157,"Fort Bend County, TX",TX,26420,"Houston-The Woodlands-Sugar Land, TX",178,260,-82,110,333,-223,104,300,-196,47,246,-199,79,406,-327,184,563,-379,194,393,-199,896,2501,-1605
06067,"Sacramento County, CA",CA,40900,"Sacramento-Roseville-Folsom, CA",176,185,-9,174,256,-82,187,205,-18,173,163,10,141,265,-124,141,440,-299,186,372,-186,1178,1886,-708
24027,"Howard County, MD",MD,12580,"Baltimore-Columbia-Towson, MD",174,266,-92,191,296,-105,134,259,-125,153,144,9,183,215,-32,236,384,-148,184,262,-78,1255,1826,-571
51760,"Richmond city, VA",VA,40060,"Richmond, VA",174,286,-112,235,325,-90,179,305,-126,162,205,-43,301,343,-42,237,488,-251,276,306,-30,1564,2258,-694
12115,"Sarasota County, FL",FL,35840,"North Port-Sarasota-Bradenton, FL",170,319,-149,205,316,-111,135,336,-201,107,211,-104,140,402,-262,115,426,-311,161,361,-200,1033,2371,-1338
45045,"Greenville County, SC",SC,24860,"Greenville-Anderson, SC",167,186,-19,71,157,-86,37,228,-191,53,52,1,40,197,-157,76,180,-104,76,207,-131,520,1207,-687
51510,"Alexandria city, VA",VA,47900,"Washington-Arlington-Alexandria, DC-VA-MD-WV",166,196,-30,159,247,-88,162,214,-52,123,145,-22,172,248,-76,211,396,-185,143,192,-49,1136,1638,-502
25001,"Barnstable County, MA",MA,12700,"Barnstable Town, MA",163,215,-52,164,214,-50,154,184,-30,114,177,-63,128,113,15,102,265,-163,93,192,-99,918,1360,-442
22051,"Jefferson Parish, LA",LA,35380,"New Orleans-Metairie, LA",163,201,-38,136,211,-75,84,193,-109,75,151,-76,29,195,-166,99,215,-116,72,133,-61,658,1299,-641
36065,"Oneida County, NY",NY,46540,"Utica-Rome, NY",161,252,-91,176,312,-136,149,258,-109,114,276,-162,131,324,-193,131,390,-259,145,343,-198,1007,2155,-1148
04019,"Pima County, AZ",AZ,46060,"Tucson, AZ",160,202,-42,169,192,-23,131,186,-55,78,112,-34,108,172,-64,167,244,-77,107,192,-85,920,1300,-380
51700,"Newport News city, VA",VA,47260,"Virginia Beach-Norfolk-Newport News, VA-NC",154,217,-63,147,182,-35,49,197,-148,85,41,44,44,188,-144,38,206,-168,0,162,-162,517,1193,-676
08013,"Boulder County, CO",CO,14500,"Boulder, CO",153,180,-27,152,208,-56,111,236,-125,80,167,-87,135,252,-117,167,407,-240,125,257,-132,923,1707,-784
25005,"Bristol County, MA",MA,39300,"Providence-Warwick, RI-MA",152,217,-65,155,245,-90,157,232,-75,159,72,87,68,208,-140,96,225,-129,111,220,-109,898,1419,-521
33011,"Hillsborough County, NH",NH,31700,"Manchester-Nashua, NH",151,213,-62,200,234,-34,158,174,-16,116,197,-81,82,173,-91,137,221,-84,106,240,-134,950,1452,-502
48027,"Bell County, TX",TX,28660,"Killeen-Temple, TX",150,190,-40,154,220,-66,42,165,-123,0,119,-119,37,163,-126,83,221,-138,52,187,-135,518,1265,-747
34037,"Sussex County, NJ",NJ,35620,"New York-Newark-Jersey City, NY-NJ-PA",149,162,-13,114,145,-31,143,160,-17,129,90,39,111,122,-11,101,199,-98,126,208,-82,873,1086,-213
12081,"Manatee County, FL",FL,35840,"North Port-Sarasota-Bradenton, FL",147,187,-40,138,207,-69,80,156,-76,25,119,-94,63,202,-139,40,345,-305,30,170,-140,523,1386,-863
12069,"Lake County, FL",FL,36740,"Orlando-Kissimmee-Sanford, FL",141,352,-211,169,356,-187,71,356,-285,75,249,-174,66,480,-414,98,578,-480,33,471,-438,653,2842,-2189
12001,"Alachua County, FL",FL,23540,"Gainesville, FL",139,160,-21,144,129,15,85,83,2,76,40,36,79,106,-27,120,155,-35,121,48,73,764,721,43
49049,"Utah County, UT",UT,39340,"Provo-Orem, UT",136,37,99,48,51,-3,53,53,0,63,0,63,54,31,23,106,53,53,77,45,32,537,270,267
36045,"Jefferson County, NY",NY,48060,"Watertown-Fort Drum, NY",136,152,-16,131,150,-19,0,90,-90,51,47,4,35,107,-72,43,168,-125,114,134,-20,510,848,-338
25023,"Plymouth County, MA",MA,14460,"Boston-Cambridge-Newton, MA-NH",135,174,-39,158,179,-21,159,168,-9,108,78,30,97,152,-55,137,221,-84,119,198,-79,913,1170,-257
36021,"Columbia County, NY",NY,26460,"Hudson, NY",134,304,-170,182,287,-105,202,296,-94,86,261,-175,143,292,-149,119,400,-281,139,397,-258,1005,2237,-1232
23005,"Cumberland County, ME",ME,38860,"Portland-South Portland, ME",134,180,-46,145,192,-47,155,234,-79,112,164,-52,109,294,-185,150,343,-193,161,262,-101,966,1669,-703
08005,"Arapahoe County, CO",CO,19740,"Denver-Aurora-Lakewood, CO",132,171,-39,152,204,-52,115,203,-88,89,145,-56,60,190,-130,115,278,-163,91,259,-168,754,1450,-696
02020,"Anchorage Municipality, AK",AK,11260,"Anchorage, AK",130,115,15,103,68,35,0,35,-35,0,0,0,0,0,0,61,0,61,0,0,0,294,218,76
34041,"Warren County, NJ",NJ,10900,"Allentown-Bethlehem-Easton, PA-NJ",130,150,-20,130,155,-25,31,89,-58,23,37,-14,0,79,-79,37,87,-50,31,133,-102,382,730,-348
21111,"Jefferson County, KY",KY,31140,"Louisville/Jefferson County, KY-IN",130,170,-40,141,190,-49,105,148,-43,69,130,-61,162,154,8,170,287,-117,115,184,-69,892,1263,-371
27123,"Ramsey County, MN",MN,33460,"Minneapolis-St. Paul-Bloomington, MN-WI",130,107,23,123,91,32,85,69,16,68,48,20,82,130,-48,94,153,-59,74,139,-65,656,737,-81
06041,"Marin County, CA",CA,41860,"San Francisco-Oakland-Berkeley, CA",129,168,-39,114,234,-120,121,242,-121,124,186,-62,140,237,-97,155,273,-118,140,180,-40,923,1520,-597
48121,"Denton County, TX",TX,19100,"Dallas-Fort Worth-Arlington, TX",128,154,-26,135,209,-74,124,94,30,68,133,-65,74,255,-181,150,333,-183,108,276,-168,787,1454,-667
50007,"Chittenden County, VT",VT,15540,"Burlington-South Burlington, VT",127,133,-6,127,157,-30,89,108,-19,72,69,3,101,177,-76,110,194,-84,87,124,-37,713,962,-249
51107,"Loudoun County, VA",VA,47900,"Washington-Arlington-Alexandria, DC-VA-MD-WV",122,193,-71,145,176,-31,142,206,-64,153,126,27,118,179,-61,176,257,-81,154,239,-85,1010,1376,-366
29510,"St. Louis city, MO",MO,41180,"St. Louis, MO-IL",121,98,23,116,117,-1,72,67,5,64,37,27,162,105,57,146,173,-27,120,89,31,801,686,115
26099,"Macomb County, MI",MI,19820,"Detroit-Warren-Dearborn, MI",118,149,-31,114,140,-26,57,86,-29,30,0,30,33,0,33,38,129,-91,70,98,-28,460,602,-142
09007,"Middlesex County, CT",CT,25540,"Hartford-East Hartford-Middletown, CT",117,117,0,105,163,-58,129,139,-10,88,0,88,45,95,-50,145,157,-12,103,150,-47,732,821,-89
25003,"Berkshire County, MA",MA,38340,"Pittsfield, MA",115,167,-52,101,190,-89,98,149,-51,59,82,-23,69,138,-69,115,196,-81,77,237,-160,634,1159,-525
34019,"Hunterdon County, NJ",NJ,35620,"New York-Newark-Jersey City, NY-NJ-PA",115,179,-64,164,204,-40,116,114,2,110,40,70,89,138,-49,134,231,-97,141,189,-48,869,1095,-226
51041,"Chesterfield County, VA",VA,40060,"Richmond, VA",113,193,-80,152,233,-81,38,240,-202,125,97,28,45,233,-188,42,302,-260,42,228,-186,557,1526,-969
36039,"Greene County, NY",NY,0,non-metro,113,220,-107,120,156,-36,107,171,-64,97,153,-56,42,166,-124,39,303,-264,145,216,-71,663,1385,-722
37135,"Orange County, NC",NC,20500,"Durham-Chapel Hill, NC",112,127,-15,112,163,-51,90,125,-35,76,63,13,131,134,-3,122,246,-124,108,126,-18,751,984,-233
06111,"Ventura County, CA",CA,37100,"Oxnard-Thousand Oaks-Ventura, CA",112,136,-24,131,142,-11,106,143,-37,100,93,7,100,146,-46,142,211,-69,122,152,-30,813,1023,-210
29095,"Jackson County, MO",MO,28140,"Kansas City, MO-KS",112,191,-79,155,183,-28,107,92,15,74,72,2,137,145,-8,173,192,-19,109,98,11,867,973,-106
06083,"Santa Barbara County, CA",CA,42200,"Santa Maria-Santa Barbara, CA",112,119,-7,105,109,-4,51,97,-46,70,105,-35,79,89,-10,112,155,-43,79,117,-38,608,791,-183
37067,"Forsyth County, NC",NC,49180,"Winston-Salem, NC",110,166,-56,151,192,-41,95,165,-70,84,130,-46,74,173,-99,100,223,-123,106,237,-131,720,1286,-566
20091,"Johnson County, KS",KS,28140,"Kansas City, MO-KS",110,134,-24,99,171,-72,81,137,-56,57,40,17,97,137,-40,120,174,-54,85,159,-74,649,952,-303
12053,"Hernando County, FL",FL,45300,"Tampa-St. Petersburg-Clearwater, FL",108,177,-69,76,189,-113,0,124,-124,0,46,-46,0,152,-152,0,239,-239,0,203,-203,184,1130,-946
35001,"Bernalillo County, NM",NM,10740,"Albuquerque, NM",107,89,18,86,140,-54,107,79,28,67,0,67,56,88,-32,76,136,-60,70,100,-30,569,632,-63
13151,"Henry County, GA",GA,12060,"Atlanta-Sandy Springs-Alpharetta, GA",105,305,-200,92,244,-152,38,161,-123,0,197,-197,0,306,-306,43,423,-380,0,315,-315,278,1951,-1673
24025,"Harford County, MD",MD,12580,"Baltimore-Columbia-Towson, MD",105,103,2,68,94,-26,73,42,31,60,88,-28,0,0,0,0,143,-143,0,154,-154,306,624,-318
08041,"El Paso County, CO",CO,17820,"Colorado Springs, CO",104,191,-87,152,171,-19,74,138,-64,67,149,-82,26,139,-113,147,200,-53,92,150,-58,662,1138,-476
45051,"Horry County, SC",SC,34820,"Myrtle Beach-Conway-North Myrtle Beach, SC-NC",103,214,-111,88,198,-110,40,122,-82,0,88,-88,39,109,-70,50,368,-318,28,214,-186,348,1313,-965
12073,"Leon County, FL",FL,45220,"Tallahassee, FL",101,143,-42,171,53,118,62,35,27,65,0,65,75,39,36,97,73,24,73,53,20,644,396,248
13247,"Rockdale County, GA",GA,12060,"Atlanta-Sandy Springs-Alpharetta, GA",99,124,-25,63,136,-73,0,113,-113,0,64,-64,0,135,-135,0,195,-195,0,99,-99,162,866,-704
34015,"Gloucester County, NJ",NJ,37980,"Philadelphia-Camden-Wilmington, PA-NJ-DE-MD",95,93,2,76,123,-47,61,64,-3,33,0,33,97,0,97,26,130,-104,0,137,-137,388,547,-159
51540,"Charlottesville city, VA",VA,16820,"Charlottesville, VA",94,66,28,95,66,29,65,33,32,24,31,-7,74,56,18,139,133,6,105,72,33,596,457,139
33009,"Grafton County, NH",NH,30100,"Lebanon, NH-VT",91,55,36,79,73,6,68,44,24,42,0,42,63,38,25,105,103,2,52,73,-21,500,386,114
34011,"Cumberland County, NJ",NJ,47220,"Vineland-Bridgeton, NJ",89,135,-46,39,109,-70,0,0,0,0,0,0,0,0,0,0,44,-44,0,42,-42,128,330,-202
40109,"Oklahoma County, OK",OK,36420,"Oklahoma City, OK",88,199,-111,90,94,-4,58,130,-72,36,42,-6,75,88,-13,162,70,92,85,69,16,594,692,-98
26081,"Kent County, MI",MI,24340,"Grand Rapids-Kentwood, MI",88,137,-49,64,158,-94,86,87,-1,30,0,30,63,38,25,73,165,-92,72,124,-52,476,709,-233
42075,"Lebanon County, PA",PA,30140,"Lebanon, PA",86,178,-92,60,212,-152,0,115,-115,0,55,-55,0,114,-114,0,144,-144,0,104,-104,146,922,-776
42027,"Centre County, PA",PA,44300,"State College, PA",86,61,25,62,50,12,29,0,29,23,23,0,56,33,23,136,71,65,55,34,21,447,272,175
51003,"Albemarle County, VA",VA,16820,"Charlottesville, VA",85,85,0,82,88,-6,59,43,16,0,0,0,91,63,28,138,131,7,54,56,-2,509,466,43
40143,"Tulsa County, OK",OK,46140,"Tulsa, OK",83,75,8,68,85,-17,35,30,5,31,40,-9,60,0,60,55,83,-28,74,38,36,406,351,55
12035,"Flagler County, FL",FL,19660,"Deltona-Daytona Beach-Ormond Beach, FL",82,152,-70,91,182,-91,0,119,-119,0,87,-87,0,140,-140,0,186,-186,0,95,-95,173,961,-788
33015,"Rockingham County, NH",NH,14460,"Boston-Cambridge-Newton, MA-NH",82,97,-15,92,105,-13,63,73,-10,57,43,14,81,80,1,74,138,-64,76,88,-12,525,624,-99
39113,"Montgomery County, OH",OH,19430,"Dayton-Kettering, OH",81,60,21,59,103,-44,0,0,0,0,0,0,0,0,0,28,86,-58,32,35,-3,200,284,-84
36025,"Delaware County, NY",NY,0,non-metro,80,155,-75,62,168,-106,41,173,-132,27,64,-37,0,85,-85,0,179,-179,0,185,-185,210,1009,-799
31055,"Douglas County, NE",NE,36540,"Omaha-Council Bluffs, NE-IA",80,111,-31,82,94,-12,32,73,-41,56,38,18,78,74,4,74,66,8,68,65,3,470,521,-51
10001,"Kent County, DE",DE,20100,"Dover, DE",78,182,-104,62,153,-91,40,85,-45,33,161,-128,0,157,-157,36,266,-230,36,244,-208,285,1248,-963
53061,"Snohomish County, WA",WA,42660,"Seattle-Tacoma-Bellevue, WA",77,108,-31,66,131,-65,0,95,-95,56,0,56,28,104,-76,62,220,-158,30,61,-31,319,719,-400
39017,"Butler County, OH",OH,17140,"Cincinnati, OH-KY-IN",76,65,11,62,72,-10,0,0,0,23,0,23,0,48,-48,0,57,-57,0,41,-41,161,283,-122
13215,"Muscogee County, GA",GA,17980,"Columbus, GA-AL",76,54,22,39,106,-67,0,0,0,0,0,0,0,0,0,0,0,0,0,35,-35,115,195,-80
42041,"Cumberland County, PA",PA,25420,"Harrisburg-Carlisle, PA",75,112,-37,84,75,9,26,0,26,25,0,25,0,87,-87,61,147,-86,30,122,-92,301,543,-242
51650,"Hampton city, VA",VA,47260,"Virginia Beach-Norfolk-Newport News, VA-NC",74,138,-64,92,95,-3,39,72,-33,0,0,0,0,72,-72,0,153,-153,36,77,-41,241,607,-366
47093,"Knox County, TN",TN,28940,"Knoxville, TN",72,63,9,65,61,4,67,0,67,0,0,0,58,0,58,80,75,5,44,29,15,386,228,158
45015,"Berkeley County, SC",SC,16700,"Charleston-North Charleston, SC",72,142,-70,59,63,-4,0,71,-71,0,0,0,0,0,0,0,89,-89,0,134,-134,131,499,-368
05119,"Pulaski County, AR",AR,30780,"Little Rock-North Little Rock-Conway, AR",71,77,-6,80,46,34,32,0,32,0,0,0,66,0,66,27,0,27,0,0,0,276,123,153
44009,"Washington County, RI",RI,39300,"Providence-Warwick, RI-MA",70,63,7,95,67,28,43,39,4,0,0,0,29,44,-15,30,47,-17,30,36,-6,297,296,1
17019,"Champaign County, IL",IL,16580,"Champaign-Urbana, IL",70,78,-8,47,28,19,76,0,76,0,0,0,29,0,29,77,24,53,33,0,33,332,130,202
19153,"Polk County, IA",IA,19780,"Des Moines-West Des Moines, IA",70,73,-3,41,66,-25,0,0,0,0,0,0,27,25,2,26,57,-31,41,0,41,205,221,-16
22033,"East Baton Rouge Parish, LA",LA,12940,"Baton Rouge, LA",67,69,-2,69,93,-24,71,42,29,58,0,58,0,0,0,62,76,-14,58,0,58,385,280,105
21067,"Fayette County, KY",KY,30460,"Lexington-Fayette, KY",67,81,-14,87,102,-15,58,31,27,28,0,28,25,36,-11,74,101,-27,42,0,42,381,351,30
36063,"Niagara County, NY",NY,15380,"Buffalo-Cheektowaga, NY",67,31,36,51,44,7,29,0,29,0,0,0,0,0,0,24,0,24,0,49,-49,171,124,47
08059,"Jefferson County, CO",CO,19740,"Denver-Aurora-Lakewood, CO",67,117,-50,59,92,-33,40,68,-28,27,0,27,38,152,-114,75,180,-105,31,153,-122,337,762,-425
32031,"Washoe County, NV",NV,39900,"Reno, NV",65,83,-18,67,39,28,0,34,-34,0,0,0,0,33,-33,0,63,-63,0,35,-35,132,287,-155
13217,"Newton County, GA",GA,12060,"Atlanta-Sandy Springs-Alpharetta, GA",62,113,-51,36,81,-45,0,68,-68,0,53,-53,0,67,-67,0,138,-138,0,129,-129,98,649,-551
41067,"Washington County, OR",OR,38900,"Portland-Vancouver-Hillsboro, OR-WA",62,94,-32,58,99,-41,43,44,-1,24,32,-8,0,112,-112,78,172,-94,56,153,-97,321,706,-385
39153,"Summit County, OH",OH,10420,"Akron, OH",61,81,-20,112,86,26,60,36,24,67,0,67,31,0,31,40,42,-2,58,79,-21,429,324,105
47065,"Hamilton County, TN",TN,16860,"Chattanooga, TN-GA",59,44,15,46,89,-43,0,0,0,0,0,0,0,55,-55,26,39,-13,0,0,0,131,227,-96
51550,"Chesapeake city, VA",VA,47260,"Virginia Beach-Norfolk-Newport News, VA-NC",59,147,-88,68,177,-109,30,117,-87,33,41,-8,0,48,-48,0,163,-163,38,116,-78,228,809,-581
44005,"Newport County, RI",RI,39300,"Providence-Warwick, RI-MA",58,48,10,36,80,-44,0,27,-27,0,36,-36,34,79,-45,0,75,-75,51,75,-24,179,420,-241
36077,"Otsego County, NY",NY,36580,"Oneonta, NY",57,64,-7,45,100,-55,0,0,0,0,41,-41,0,32,-32,0,73,-73,0,61,-61,102,371,-269
12015,"Charlotte County, FL",FL,39460,"Punta Gorda, FL",57,122,-65,34,89,-55,0,0,0,0,0,0,0,47,-47,0,94,-94,0,49,-49,91,401,-310
34009,"Cape May County, NJ",NJ,36140,"Ocean City, NJ",55,97,-42,20,31,-11,0,0,0,21,0,21,0,0,0,0,0,0,0,0,0,96,128,-32
48491,"Williamson County, TX",TX,12420,"Austin-Round Rock-Georgetown, TX",54,97,-43,79,128,-49,36,105,-69,0,54,-54,0,129,-129,60,178,-118,35,193,-158,264,884,-620
13245,"Richmond County, GA",GA,12260,"Augusta-Richmond County, GA-SC",54,109,-55,65,103,-38,0,0,0,0,0,0,0,0,0,0,94,-94,0,0,0,119,306,-187
37129,"New Hanover County, NC",NC,48900,"Wilmington, NC",53,89,-36,82,105,-23,66,115,-49,0,0,0,35,35,0,64,166,-102,28,84,-56,328,594,-266
10005,"Sussex County, DE",DE,41540,"Salisbury, MD-DE",53,126,-73,38,71,-33,0,0,0,0,0,0,0,0,0,0,150,-150,37,86,-49,128,433,-305
25011,"Franklin County, MA",MA,44140,"Springfield, MA",53,35,18,28,24,4,0,0,0,0,0,0,0,0,0,0,0,0,0,0,0,81,59,22
35049,"Santa Fe County, NM",NM,42140,"Santa Fe, NM",53,58,-5,66,81,-15,26,70,-44,23,36,-13,27,73,-46,23,83,-60,0,79,-79,218,480,-262
09013,"Tolland County, CT",CT,25540,"Hartford-East Hartford-Middletown, CT",52,35,17,54,60,-6,52,0,52,0,0,0,0,0,0,27,25,2,60,0,60,245,120,125
13097,"Douglas County, GA",GA,12060,"Atlanta-Sandy Springs-Alpharetta, GA",51,105,-54,48,136,-88,0,41,-41,0,52,-52,0,46,-46,0,132,-132,0,121,-121,99,633,-534
39095,"Lucas County, OH",OH,45780,"Toledo, OH",51,62,-11,42,56,-14,27,0,27,0,0,0,0,0,0,0,46,-46,0,0,0,120,164,-44
36069,"Ontario County, NY",NY,40380,"Rochester, NY",51,33,18,28,68,-40,0,0,0,0,0,0,0,0,0,0,36,-36,0,0,0,79,137,-58
24043,"Washington County, MD",MD,25180,"Hagerstown-Martinsburg, MD-WV",50,21,29,0,64,-64,0,0,0,0,0,0,0,0,0,0,0,0,0,47,-47,50,132,-82
48215,"Hidalgo County, TX",TX,32580,"McAllen-Edinburg-Mission, TX",50,62,-12,34,44,-10,0,0,0,0,0,0,0,0,0,0,0,0,0,0,0,84,106,-22
18105,"Monroe County, IN",IN,14020,"Bloomington, IN",50,65,-15,74,40,34,32,0,32,0,0,0,0,0,0,65,0,65,66,36,30,287,141,146
12061,"Indian River County, FL",FL,42680,"Sebastian-Vero Beach, FL",50,69,-19,41,80,-39,0,45,-45,0,0,0,0,45,-45,0,117,-117,0,45,-45,91,401,-310
55133,"Waukesha County, WI",WI,33340,"Milwaukee-Waukesha, WI",49,50,-1,30,56,-26,24,0,24,0,0,0,0,0,0,0,32,-32,0,0,0,103,138,-35
36019,"Clinton County, NY",NY,38460,"Plattsburgh, NY",49,0,49,0,15,-15,0,0,0,0,0,0,0,0,0,0,0,0,0,0,0,49,15,34
44003,"Kent County, RI",RI,39300,"Providence-Warwick, RI-MA",49,66,-17,67,78,-11,32,0,32,0,0,0,0,0,0,0,36,-36,0,0,0,148,180,-32
47125,"Montgomery County, TN",TN,17300,"Clarksville, TN-KY",47,131,-84,72,115,-43,0,49,-49,0,0,0,0,46,-46,0,86,-86,0,34,-34,119,461,-342
45013,"Beaufort County, SC",SC,25940,"Hilton Head Island-Bluffton, SC",47,92,-45,73,115,-42,32,35,-3,26,78,-52,0,53,-53,32,101,-69,32,52,-20,242,526,-284
12091,"Okaloosa County, FL",FL,18880,"Crestview-Fort Walton Beach-Destin, FL",47,29,18,25,24,1,0,0,0,0,0,0,0,0,0,0,0,0,0,0,0,72,53,19
26065,"Ingham County, MI",MI,29620,"Lansing-East Lansing, MI",46,46,0,57,58,-1,30,0,30,0,0,0,23,0,23,30,0,30,0,0,0,186,104,82
42127,"Wayne County, PA",PA,0,non-metro,46,132,-86,37,152,-115,0,48,-48,0,0,0,0,156,-156,0,98,-98,0,99,-99,83,685,-602
06097,"Sonoma County, CA",CA,42220,"Santa Rosa-Petaluma, CA",45,92,-47,64,90,-26,44,90,-46,29,34,-5,71,89,-18,57,134,-77,72,90,-18,382,619,-237
24021,"Frederick County, MD",MD,47900,"Washington-Arlington-Alexandria, DC-VA-MD-WV",45,51,-6,66,95,-29,27,123,-96,33,0,33,0,0,0,0,172,-172,0,79,-79,171,520,-349
01089,"Madison County, AL",AL,26620,"Huntsville, AL",44,43,1,63,38,25,0,0,0,0,0,0,0,0,0,0,0,0,0,0,0,107,81,26
01101,"Montgomery County, AL",AL,33860,"Montgomery, AL",44,44,0,21,45,-24,0,0,0,0,0,0,0,0,0,0,0,0,54,0,54,119,89,30
37021,"Buncombe County, NC",NC,11700,"Asheville, NC",44,86,-42,50,113,-63,50,94,-44,32,64,-32,71,82,-11,64,158,-94,57,91,-34,368,688,-320
06087,"Santa Cruz County, CA",CA,42100,"Santa Cruz-Watsonville, CA",44,53,-9,57,60,-3,25,69,-44,0,30,-30,28,56,-28,37,76,-39,52,76,-24,243,420,-177
41039,"Lane County, OR",OR,21660,"Eugene-Springfield, OR",43,38,5,42,61,-19,0,0,0,22,0,22,0,0,0,0,24,-24,0,32,-32,107,155,-48
08069,"Larimer County, CO",CO,22660,"Fort Collins, CO",42,36,6,47,18,29,0,0,0,0,0,0,0,0,0,52,72,-20,28,46,-18,169,172,-3
18157,"Tippecanoe County, IN",IN,29200,"Lafayette-West Lafayette, IN",42,12,30,16,0,16,0,0,0,0,0,0,0,0,0,31,27,4,0,0,0,89,39,50
42025,"Carbon County, PA",PA,10900,"Allentown-Bethlehem-Easton, PA-NJ",42,26,16,0,61,-61,0,41,-41,0,0,0,0,44,-44,0,59,-59,0,64,-64,42,295,-253
12109,"St. Johns County, FL",FL,27260,"Jacksonville, FL",42,115,-73,62,154,-92,23,128,-105,29,0,29,39,151,-112,64,269,-205,36,163,-127,295,980,-685
06029,"Kern County, CA",CA,12540,"Bakersfield, CA",41,37,4,32,59,-27,0,0,0,0,0,0,0,0,0,0,47,-47,0,45,-45,73,188,-115
06053,"Monterey County, CA",CA,41500,"Salinas, CA",41,48,-7,41,53,-12,0,30,-30,21,0,21,0,40,-40,53,41,12,0,34,-34,156,246,-90
20173,"Sedgwick County, KS",KS,48620,"Wichita, KS",41,14,27,75,64,11,0,0,0,0,0,0,0,0,0,0,0,0,0,0,0,116,78,38
45063,"Lexington County, SC",SC,17900,"Columbia, SC",40,76,-36,39,70,-31,0,0,0,0,0,0,0,0,0,0,0,0,0,49,-49,79,195,-116
41005,"Clackamas County, OR",OR,38900,"Portland-Vancouver-Hillsboro, OR-WA",40,19,21,16,41,-25,0,0,0,0,0,0,0,38,-38,0,89,-89,0,0,0,56,187,-131
27037,"Dakota County, MN",MN,33460,"Minneapolis-St. Paul-Bloomington, MN-WI",40,55,-15,33,75,-42,28,0,28,32,0,32,35,0,35,0,0,0,0,105,-105,168,235,-67
06079,"San Luis Obispo County, CA",CA,42020,"San Luis Obispo-Paso Robles, CA",39,36,3,27,13,14,0,0,0,0,0,0,0,0,0,0,0,0,0,0,0,66,49,17
17197,"Will County, IL",IL,16980,"Chicago-Naperville-Elgin, IL-IN-WI",39,37,2,44,34,10,0,0,0,0,0,0,0,0,0,0,0,0,0,46,-46,83,117,-34
33013,"Merrimack County, NH",NH,18180,"Concord, NH",39,19,20,31,45,-14,0,0,0,0,0,0,0,0,0,0,0,0,0,0,0,70,64,6
48339,"Montgomery County, TX",TX,26420,"Houston-The Woodlands-Sugar Land, TX",39,85,-46,34,81,-47,0,40,-40,0,0,0,0,50,-50,35,157,-122,30,43,-13,138,456,-318
01097,"Mobile County, AL",AL,33660,"Mobile, AL",38,44,-6,61,75,-14,0,0,0,0,0,0,0,0,0,0,0,0,0,0,0,99,119,-20
09015,"Windham County, CT",CT,49340,"Worcester, MA-CT",38,81,-43,20,15,5,0,0,0,0,0,0,0,0,0,0,37,-37,0,0,0,58,133,-75
06019,"Fresno County, CA",CA,23420,"Fresno, CA",37,137,-100,70,106,-36,0,43,-43,28,51,-23,0,0,0,37,148,-111,31,39,-8,203,524,-321
53067,"Thurston County, WA",WA,36500,"Olympia-Lacey-Tumwater, WA",37,34,3,15,0,15,0,0,0,0,0,0,0,0,0,0,0,0,0,34,-34,52,68,-16
19103,"Johnson County, IA",IA,26980,"Iowa City, IA",36,77,-41,64,101,-37,26,0,26,0,0,0,0,0,0,65,75,-10,27,0,27,218,253,-35
18003,"Allen County, IN",IN,23060,"Fort Wayne, IN",35,0,35,0,59,-59,0,0,0,0,0,0,0,0,0,0,0,0,0,0,0,35,59,-24
42049,"Erie County, PA",PA,21500,"Erie, PA",33,76,-43,20,53,-33,34,0,34,0,0,0,0,0,0,0,0,0,0,0,0,87,129,-42
33017,"Strafford County, NH",NH,14460,"Boston-Cambridge-Newton, MA-NH",33,34,-1,19,42,-23,0,0,0,0,0,0,0,0,0,0,0,0,0,0,0,52,76,-24
45083,"Spartanburg County, SC",SC,43900,"Spartanburg, SC",33,0,33,24,89,-65,0,0,0,0,0,0,0,49,-49,0,0,0,0,0,0,57,138,-81
29019,"Boone County, MO",MO,17860,"Columbia, MO",33,18,15,37,15,22,0,0,0,0,0,0,0,0,0,27,0,27,0,0,0,97,33,64
53035,"Kitsap County, WA",WA,14740,"Bremerton-Silverdale-Port Orchard, WA",33,18,15,25,35,-10,0,0,0,0,0,0,0,0,0,0,0,0,0,0,0,58,53,5
12087,"Monroe County, FL",FL,28580,"Key West, FL",31,44,-13,49,40,9,0,0,0,0,0,0,27,0,27,0,41,-41,0,0,0,107,125,-18
47187,"Williamson County, TN",TN,34980,"Nashville-Davidson--Murfreesboro--Franklin, TN",31,37,-6,69,71,-2,0,39,-39,33,0,33,31,40,-9,31,40,-9,32,0,32,227,227,0
08037,"Eagle County, CO",CO,20780,"Edwards, CO",31,20,11,10,15,-5,0,0,0,0,0,0,0,0,0,0,0,0,0,0,0,41,35,6
36075,"Oswego County, NY",NY,45060,"Syracuse, NY",31,0,31,20,0,20,0,0,0,0,0,0,0,0,0,0,0,0,0,0,0,51,0,51
12033,"Escambia County, FL",FL,37860,"Pensacola-Ferry Pass-Brent, FL",30,53,-23,49,69,-20,0,0,0,0,0,0,0,0,0,0,0,0,0,0,0,79,122,-43
06077,"San Joaquin County, CA",CA,44700,"Stockton, CA",28,19,9,24,56,-32,0,0,0,0,0,0,0,0,0,0,38,-38,34,0,34,86,113,-27
18057,"Hamilton County, IN",IN,26900,"Indianapolis-Carmel-Anderson, IN",27,57,-30,26,94,-68,0,0,0,0,0,0,0,0,0,30,89,-59,36,98,-62,119,338,-219
36057,"Montgomery County, NY",NY,11220,"Amsterdam, NY",27,46,-19,0,30,-30,0,0,0,0,0,0,0,0,0,0,0,0,0,0,0,27,76,-49
37147,"Pitt County, NC",NC,24780,"Greenville, NC",27,115,-88,45,106,-61,0,0,0,0,0,0,0,57,-57,0,68,-68,0,44,-44,72,390,-318
50027,"Windsor County, VT",VT,30100,"Lebanon, NH-VT",26,17,9,30,43,-13,0,0,0,0,0,0,0,0,0,0,0,0,0,0,0,56,60,-4
13021,"Bibb County, GA",GA,31420,"Macon-Bibb County, GA",25,16,9,21,18,3,0,0,0,0,0,0,0,0,0,0,0,0,0,0,0,46,34,12
53011,"Clark County, WA",WA,38900,"Portland-Vancouver-Hillsboro, OR-WA",25,17,8,17,32,-15,0,0,0,0,0,0,0,27,-27,0,30,-30,0,0,0,42,106,-64
06061,"Placer County, CA",CA,40900,"Sacramento-Roseville-Folsom, CA",25,0,25,42,13,29,0,0,0,0,0,0,0,0,0,0,0,0,26,0,26,93,13,80
45041,"Florence County, SC",SC,22500,"Florence, SC",25,60,-35,20,45,-25,0,0,0,0,0,0,0,0,0,0,0,0,0,0,0,45,105,-60
45075,"Orangeburg County, SC",SC,36700,"Orangeburg, SC",25,83,-58,0,71,-71,0,0,0,0,32,-32,0,0,0,0,35,-35,0,0,0,25,221,-196
17089,"Kane County, IL",IL,16980,"Chicago-Naperville-Elgin, IL-IN-WI",24,40,-16,46,26,20,0,0,0,0,0,0,0,0,0,0,38,-38,0,0,0,70,104,-34
39093,"Lorain County, OH",OH,17460,"Cleveland-Elyria, OH",24,56,-32,14,17,-3,0,0,0,0,0,0,0,0,0,0,0,0,0,0,0,38,73,-35
36015,"Chemung County, NY",NY,21300,"Elmira, NY",24,34,-10,15,80,-65,0,0,0,0,0,0,0,0,0,0,0,0,0,0,0,39,114,-75
50001,"Addison County, VT",VT,0,non-metro,24,0,24,0,0,0,0,0,0,0,0,0,0,0,0,0,0,0,0,0,0,24,0,24
17111,"McHenry County, IL",IL,16980,"Chicago-Naperville-Elgin, IL-IN-WI",23,66,-43,16,14,2,0,0,0,0,0,0,0,0,0,0,0,0,0,0,0,39,80,-41
26077,"Kalamazoo County, MI",MI,28020,"Kalamazoo-Portage, MI",23,0,23,14,15,-1,0,0,0,0,0,0,0,0,0,0,0,0,0,0,0,37,15,22
31109,"Lancaster County, NE",NE,30700,"Lincoln, NE",23,0,23,29,39,-10,0,0,0,0,0,0,0,0,0,0,0,0,0,0,0,52,39,13
36113,"Warren County, NY",NY,24020,"Glens Falls, NY",23,70,-47,29,49,-20,0,0,0,0,0,0,0,0,0,0,84,-84,0,0,0,52,203,-151
12085,"Martin County, FL",FL,38940,"Port St. Lucie, FL",23,95,-72,40,66,-26,0,35,-35,0,30,-30,40,0,40,25,37,-12,0,23,-23,128,286,-158
37049,"Craven County, NC",NC,35100,"New Bern, NC",23,45,-22,21,34,-13,0,0,0,0,0,0,0,0,0,0,0,0,0,0,0,44,79,-35
18141,"St. Joseph County, IN",IN,43780,"South Bend-Mishawaka, IN-MI",22,28,-6,23,19,4,0,0,0,0,0,0,28,0,28,32,0,32,42,0,42,147,47,100
06055,"Napa County, CA",CA,34900,"Napa, CA",22,29,-7,26,47,-21,0,0,0,0,0,0,0,0,0,0,0,0,0,0,0,48,76,-28
37025,"Cabarrus County, NC",NC,16740,"Charlotte-Concord-Gastonia, NC-SC",21,111,-90,0,123,-123,0,0,0,0,46,-46,0,96,-96,0,188,-188,0,103,-103,21,667,-646
39041,"Delaware County, OH",OH,18140,"Columbus, OH",21,15,6,0,0,0,0,0,0,0,0,0,0,0,0,0,0,0,0,0,0,21,15,6
12005,"Bay County, FL",FL,37460,"Panama City, FL",21,39,-18,18,35,-17,0,0,0,0,0,0,0,0,0,0,0,0,0,0,0,39,74,-35
51730,"Petersburg city, VA",VA,40060,"Richmond, VA",21,33,-12,0,0,0,0,0,0,0,0,0,0,0,0,0,0,0,0,0,0,21,33,-12
39151,"Stark County, OH",OH,15940,"Canton-Massillon, OH",21,0,21,38,17,21,0,0,0,0,0,0,0,0,0,0,0,0,0,0,0,59,17,42
08097,"Pitkin County, CO",CO,24060,"Glenwood Springs, CO",21,21,0,16,19,-3,0,0,0,0,0,0,0,0,0,0,53,-53,0,0,0,37,93,-56
06095,"Solano County, CA",CA,46700,"Vallejo, CA",20,48,-28,69,64,5,0,0,0,0,0,0,0,0,0,27,75,-48,0,0,0,116,187,-71
13223,"Paulding County, GA",GA,12060,"Atlanta-Sandy Springs-Alpharetta, GA",20,41,-21,0,75,-75,0,0,0,0,0,0,0,0,0,0,63,-63,0,0,0,20,179,-159
02090,"Fairbanks North Star Borough, AK",AK,21820,"Fairbanks, AK",20,18,2,0,0,0,0,0,0,0,0,0,0,0,0,0,0,0,0,0,0,20,18,2
23011,"Kennebec County, ME",ME,12300,"Augusta-Waterville, ME",20,0,20,0,0,0,0,0,0,0,0,0,0,0,0,0,0,0,0,0,0,20,0,20
48041,"Brazos County, TX",TX,17780,"College Station-Bryan, TX",20,16,4,19,0,19,0,0,0,0,0,0,0,0,0,0,0,0,0,0,0,39,16,23
16001,"Ada County, ID",ID,14260,"Boise City, ID",19,40,-21,51,17,34,0,0,0,0,0,0,0,0,0,0,0,0,0,26,-26,70,83,-13
51177,"Spotsylvania County, VA",VA,47900,"Washington-Arlington-Alexandria, DC-VA-MD-WV",19,36,-17,0,0,0,0,0,0,0,0,0,0,0,0,0,0,0,0,0,0,19,36,-17
40027,"Cleveland County, OK",OK,36420,"Oklahoma City, OK",19,29,-10,26,27,-1,0,0,0,0,0,0,0,0,0,0,0,0,0,0,0,45,56,-11
49005,"Cache County, UT",UT,30860,"Logan, UT-ID",18,0,18,0,0,0,0,0,0,0,0,0,0,0,0,0,0,0,0,0,0,18,0,18
24017,"Charles County, MD",MD,47900,"Washington-Arlington-Alexandria, DC-VA-MD-WV",18,36,-18,0,21,-21,0,0,0,0,0,0,0,0,0,0,40,-40,0,0,0,18,97,-79
42081,"Lycoming County, PA",PA,48700,"Williamsport, PA",18,0,18,0,24,-24,0,0,0,0,0,0,0,0,0,0,0,0,0,0,0,18,24,-6
37179,"Union County, NC",NC,16740,"Charlotte-Concord-Gastonia, NC-SC",18,116,-98,0,109,-109,0,0,0,0,0,0,0,63,-63,0,121,-121,0,70,-70,18,479,-461
27003,"Anoka County, MN",MN,33460,"Minneapolis-St. Paul-Bloomington, MN-WI",18,25,-7,0,0,0,0,0,0,0,0,0,0,0,0,0,0,0,0,0,0,18,25,-7
22055,"Lafayette Parish, LA",LA,29180,"Lafayette, LA",18,42,-24,19,37,-18,0,29,-29,0,37,-37,0,0,0,0,0,0,0,31,-31,37,176,-139
18089,"Lake County, IN",IN,16980,"Chicago-Naperville-Elgin, IL-IN-WI",18,0,18,0,21,-21,0,0,0,0,0,0,0,0,0,0,0,0,0,0,0,18,21,-3
01081,"Lee County, AL",AL,12220,"Auburn-Opelika, AL",18,0,18,0,0,0,0,0,0,0,0,0,0,0,0,0,0,0,0,0,0,18,0,18
28047,"Harrison County, MS",MS,25060,"Gulfport-Biloxi, MS",17,0,17,16,0,16,0,0,0,0,0,0,0,0,0,0,0,0,0,0,0,33,0,33
50003,"Bennington County, VT",VT,13540,"Bennington, VT",17,22,-5,23,37,-14,0,0,0,0,0,0,0,0,0,0,0,0,0,0,0,40,59,-19
15001,"Hawaii County, HI",HI,25900,"Hilo, HI",17,23,-6,0,0,0,0,0,0,0,0,0,0,0,0,0,24,-24,0,0,0,17,47,-30
17113,"McLean County, IL",IL,14010,"Bloomington, IL",17,0,17,0,25,-25,0,0,0,0,0,0,0,0,0,0,0,0,0,0,0,17,25,-8
45085,"Sumter County, SC",SC,44940,"Sumter, SC",17,19,-2,22,43,-21,0,0,0,0,0,0,0,0,0,0,0,0,0,0,0,39,62,-23
24045,"Wicomico County, MD",MD,41540,"Salisbury, MD-DE",17,0,17,0,20,-20,0,0,0,0,0,0,0,0,0,0,0,0,0,0,0,17,20,-3
13059,"Clarke County, GA",GA,12020,"Athens-Clarke County, GA",16,36,-20,56,33,23,0,0,0,0,0,0,0,0,0,30,38,-8,0,0,0,102,107,-5
01125,"Tuscaloosa County, AL",AL,46220,"Tuscaloosa, AL",16,0,16,12,0,12,0,0,0,0,0,0,0,0,0,0,0,0,0,0,0,28,0,28
39099,"Mahoning County, OH",OH,49660,"Youngstown-Warren-Boardman, OH-PA",16,73,-57,14,86,-72,0,0,0,0,0,0,0,0,0,0,0,0,0,0,0,30,159,-129
50023,"Washington County, VT",VT,12740,"Barre, VT",16,36,-20,31,16,15,0,0,0,0,0,0,0,0,0,0,0,0,0,0,0,47,52,-5
39165,"Warren County, OH",OH,17140,"Cincinnati, OH-KY-IN",16,20,-4,25,27,-2,0,0,0,0,0,0,0,0,0,0,0,0,0,42,-42,41,89,-48
30031,"Gallatin County, MT",MT,14580,"Bozeman, MT",16,0,16,18,13,5,0,0,0,0,0,0,0,0,0,0,0,0,0,0,0,34,13,21
42107,"Schuylkill County, PA",PA,39060,"Pottsville, PA",16,87,-71,20,58,-38,0,0,0,0,0,0,0,0,0,0,89,-89,0,52,-52,36,286,-250
51179,"Stafford County, VA",VA,47900,"Washington-Arlington-Alexandria, DC-VA-MD-WV",16,21,-5,48,30,18,0,39,-39,0,0,0,0,0,0,0,52,-52,0,0,0,64,142,-78
23031,"York County, ME",ME,38860,"Portland-South Portland, ME",15,61,-46,54,53,1,0,33,-33,0,24,-24,29,0,29,0,41,-41,0,52,-52,98,264,-166
33005,"Cheshire County, NH",NH,28300,"Keene, NH",15,18,-3,12,0,12,0,0,0,0,0,0,0,0,0,0,0,0,0,0,0,27,18,9
36013,"Chautauqua County, NY",NY,27460,"Jamestown-Dunkirk-Fredonia, NY",15,16,-1,0,13,-13,0,0,0,0,0,0,0,0,0,0,0,0,0,0,0,15,29,-14
51199,"York County, VA",VA,47260,"Virginia Beach-Norfolk-Newport News, VA-NC",15,0,15,0,0,0,0,0,0,0,0,0,0,0,0,0,0,0,0,0,0,15,0,15
05007,"Benton County, AR",AR,22220,"Fayetteville-Springdale-Rogers, AR",15,59,-44,0,0,0,0,0,0,0,0,0,0,0,0,21,0,21,0,0,0,36,59,-23
15009,"Maui County, HI",HI,27980,"Kahului-Wailuku-Lahaina, HI",15,14,1,20,29,-9,0,0,0,0,0,0,0,0,0,0,32,-32,0,0,0,35,75,-40
44001,"Bristol County, RI",RI,39300,"Providence-Warwick, RI-MA",15,29,-14,13,14,-1,0,0,0,0,0,0,0,0,0,0,0,0,0,0,0,28,43,-15
20045,"Douglas County, KS",KS,29940,"Lawrence, KS",15,13,2,30,0,30,0,0,0,0,0,0,0,0,0,0,0,0,0,0,0,45,13,32
48167,"Galveston County, TX",TX,26420,"Houston-The Woodlands-Sugar Land, TX",15,39,-24,32,46,-14,0,0,0,0,0,0,0,0,0,0,0,0,0,0,0,47,85,-38
39173,"Wood County, OH",OH,45780,"Toledo, OH",14,0,14,0,14,-14,0,0,0,0,0,0,0,0,0,0,0,0,0,0,0,14,14,0
29183,"St. Charles County, MO",MO,41180,"St. Louis, MO-IL",14,0,14,0,16,-16,0,0,0,0,0,0,0,0,0,0,0,0,0,0,0,14,16,-2
28049,"Hinds County, MS",MS,27140,"Jackson, MS",14,0,14,32,29,3,0,0,0,0,0,0,0,0,0,0,0,0,0,0,0,46,29,17
54039,"Kanawha County, WV",WV,16620,"Charleston, WV",14,0,14,22,49,-27,0,0,0,0,0,0,0,0,0,0,0,0,0,0,0,36,49,-13
39133,"Portage County, OH",OH,10420,"Akron, OH",14,0,14,22,0,22,0,0,0,0,0,0,0,0,0,0,0,0,0,0,0,36,0,36
06107,"Tulare County, CA",CA,47300,"Visalia, CA",14,0,14,0,0,0,0,0,0,0,0,0,0,0,0,0,0,0,0,0,0,14,0,14
27163,"Washington County, MN",MN,33460,"Minneapolis-St. Paul-Bloomington, MN-WI",14,0,14,0,0,0,0,0,0,0,0,0,0,0,0,0,0,0,0,0,0,14,0,14
06113,"Yolo County, CA",CA,40900,"Sacramento-Roseville-Folsom, CA",14,16,-2,16,40,-24,0,0,0,0,0,0,0,34,-34,33,0,33,25,28,-3,88,118,-30
36011,"Cayuga County, NY",NY,12180,"Auburn, NY",14,0,14,0,11,-11,0,0,0,0,0,0,0,0,0,0,0,0,0,0,0,14,11,3
12019,"Clay County, FL",FL,27260,"Jacksonville, FL",13,101,-88,24,77,-53,0,0,0,0,0,0,0,50,-50,0,80,-80,0,0,0,37,308,-271
13057,"Cherokee County, GA",GA,12060,"Atlanta-Sandy Springs-Alpharetta, GA",13,0,13,0,22,-22,0,0,0,0,0,0,0,0,0,0,0,0,0,0,0,13,22,-9
06099,"Stanislaus County, CA",CA,33700,"Modesto, CA",13,20,-7,23,18,5,0,0,0,0,0,0,0,0,0,0,0,0,0,0,0,36,38,-2
48355,"Nueces County, TX",TX,18580,"Corpus Christi, TX",13,11,2,0,12,-12,0,0,0,0,0,0,0,0,0,0,0,0,0,0,0,13,23,-10
36101,"Steuben County, NY",NY,18500,"Corning, NY",13,19,-6,0,0,0,0,0,0,0,0,0,0,0,0,0,0,0,0,0,0,13,19,-6
36051,"Livingston County, NY",NY,40380,"Rochester, NY",12,0,12,0,0,0,0,0,0,0,0,0,0,0,0,0,0,0,0,0,0,12,0,12
08035,"Douglas County, CO",CO,19740,"Denver-Aurora-Lakewood, CO",12,30,-18,35,44,-9,0,32,-32,0,0,0,28,0,28,32,38,-6,0,0,0,107,144,-37
05143,"Washington County, AR",AR,22220,"Fayetteville-Springdale-Rogers, AR",12,18,-6,0,16,-16,0,0,0,0,0,0,0,0,0,31,0,31,0,0,0,43,34,9
37071,"Gaston County, NC",NC,16740,"Charlotte-Concord-Gastonia, NC-SC",12,32,-20,0,29,-29,0,0,0,0,0,0,0,0,0,0,97,-97,0,0,0,12,158,-146
25019,"Nantucket County, MA",MA,0,non-metro,12,17,-5,0,0,0,0,0,0,0,0,0,0,0,0,0,0,0,0,0,0,12,17,-5
48303,"Lubbock County, TX",TX,31180,"Lubbock, TX",11,46,-35,0,25,-25,0,0,0,0,0,0,0,0,0,0,0,0,0,0,0,11,71,-60
50025,"Windham County, VT",VT,0,non-metro,11,45,-34,29,38,-9,0,0,0,0,0,0,0,0,0,0,0,0,0,0,0,40,83,-43
42125,"Washington County, PA",PA,38300,"Pittsburgh, PA",11,0,11,0,0,0,0,0,0,0,0,0,0,0,0,0,0,0,0,0,0,11,0,11
53063,"Spokane County, WA",WA,44060,"Spokane-Spokane Valley, WA",10,12,-2,29,0,29,0,0,0,0,0,0,0,0,0,0,0,0,0,0,0,39,12,27
39003,"Allen County, OH",OH,30620,"Lima, OH",10,0,10,0,0,0,0,0,0,0,0,0,0,0,0,0,0,0,0,0,0,10,0,10
42129,"Westmoreland County, PA",PA,38300,"Pittsburgh, PA",10,0,10,37,30,7,0,0,0,0,0,0,0,0,0,0,0,0,0,0,0,47,30,17
13113,"Fayette County, GA",GA,12060,"Atlanta-Sandy Springs-Alpharetta, GA",10,40,-30,17,32,-15,0,0,0,0,0,0,0,42,-42,0,0,0,0,0,0,27,114,-87
37101,"Johnston County, NC",NC,39580,"Raleigh-Cary, NC",0,67,-67,0,51,-51,0,0,0,0,0,0,0,0,0,0,62,-62,0,46,-46,0,226,-226
27109,"Olmsted County, MN",MN,40340,"Rochester, MN",0,56,-56,43,50,-7,0,0,0,0,0,0,0,0,0,0,0,0,0,0,0,43,106,-63
13117,"Forsyth County, GA",GA,12060,"Atlanta-Sandy Springs-Alpharetta, GA",0,56,-56,16,34,-18,0,0,0,0,0,0,0,0,0,0,81,-81,0,49,-49,16,220,-204
08001,"Adams County, CO",CO,19740,"Denver-Aurora-Lakewood, CO",0,53,-53,16,21,-5,0,0,0,0,0,0,0,0,0,0,72,-72,0,0,0,16,146,-130
45035,"Dorchester County, SC",SC,16700,"Charleston-North Charleston, SC",0,51,-51,20,54,-34,0,0,0,0,0,0,0,0,0,0,27,-27,0,0,0,20,132,-112
12119,"Sumter County, FL",FL,45540,"The Villages, FL",0,48,-48,0,79,-79,0,0,0,0,34,-34,0,0,0,0,0,0,0,0,0,0,161,-161
45091,"York County, SC",SC,16740,"Charlotte-Concord-Gastonia, NC-SC",0,48,-48,15,101,-86,0,45,-45,0,0,0,0,55,-55,0,47,-47,0,55,-55,15,351,-336
46103,"Pennington County, SD",SD,39660,"Rapid City, SD",0,45,-45,0,0,0,0,0,0,0,0,0,0,0,0,0,0,0,0,0,0,0,45,-45
04021,"Pinal County, AZ",AZ,38060,"Phoenix-Mesa-Chandler, AZ",0,44,-44,13,42,-29,0,0,0,0,0,0,0,0,0,0,0,0,0,0,0,13,86,-73
04025,"Yavapai County, AZ",AZ,39150,"Prescott Valley-Prescott, AZ",0,40,-40,0,0,0,0,0,0,0,0,0,0,0,0,0,0,0,0,0,0,0,40,-40
12017,"Citrus County, FL",FL,26140,"Homosassa Springs, FL",0,39,-39,21,19,2,0,0,0,0,0,0,0,0,0,0,0,0,0,0,0,21,58,-37
13179,"Liberty County, GA",GA,25980,"Hinesville, GA",0,32,-32,48,74,-26,0,0,0,0,0,0,0,0,0,0,38,-38,0,0,0,48,144,-96
37085,"Harnett County, NC",NC,22180,"Fayetteville, NC",0,29,-29,0,31,-31,0,0,0,0,0,0,0,0,0,0,0,0,0,0,0,0,60,-60
37097,"Iredell County, NC",NC,16740,"Charlotte-Concord-Gastonia, NC-SC",0,28,-28,0,44,-44,0,0,0,0,0,0,0,0,0,0,0,0,0,0,0,0,72,-72
12055,"Highlands County, FL",FL,42700,"Sebring-Avon Park, FL",0,27,-27,0,0,0,0,0,0,0,0,0,0,0,0,0,0,0,0,0,0,0,27,-27
20061,"Geary County, KS",KS,31740,"Manhattan, KS",0,27,-27,17,0,17,0,0,0,0,0,0,0,0,0,0,0,0,0,0,0,17,27,-10
51740,"Portsmouth city, VA",VA,47260,"Virginia Beach-Norfolk-Newport News, VA-NC",0,26,-26,0,46,-46,0,0,0,0,0,0,0,0,0,0,0,0,0,0,0,0,72,-72
48039,"Brazoria County, TX",TX,26420,"Houston-The Woodlands-Sugar Land, TX",0,25,-25,0,20,-20,0,0,0,0,0,0,0,0,0,0,0,0,0,0,0,0,45,-45
37195,"Wilson County, NC",NC,48980,"Wilson, NC",0,25,-25,0,27,-27,0,0,0,0,0,0,0,0,0,0,0,0,0,0,0,0,52,-52
45069,"Marlboro County, SC",SC,13500,"Bennettsville, SC",0,23,-23,0,0,0,0,0,0,0,0,0,0,0,0,0,0,0,0,0,0,0,23,-23
36017,"Chenango County, NY",NY,0,non-metro,0,23,-23,0,18,-18,0,0,0,0,0,0,0,0,0,0,0,0,0,0,0,0,41,-41
13073,"Columbia County, GA",GA,12260,"Augusta-Richmond County, GA-SC",0,22,-22,0,0,0,0,0,0,0,0,0,0,0,0,0,0,0,0,0,0,0,22,-22
49043,"Summit County, UT",UT,25720,"Heber, UT",0,22,-22,0,34,-34,0,0,0,0,0,0,0,0,0,0,42,-42,0,0,0,0,98,-98
37125,"Moore County, NC",NC,38240,"Pinehurst-Southern Pines, NC",0,21,-21,0,16,-16,0,0,0,0,0,0,0,0,0,0,0,0,0,0,0,0,37,-37
36095,"Schoharie County, NY",NY,10580,"Albany-Schenectady-Troy, NY",0,21,-21,0,0,0,0,0,0,0,0,0,0,0,0,0,0,0,0,0,0,0,21,-21
51770,"Roanoke city, VA",VA,40220,"Roanoke, VA",0,20,-20,0,0,0,0,0,0,0,0,0,0,0,0,0,0,0,0,0,0,0,20,-20
36035,"Fulton County, NY",NY,24100,"Gloversville, NY",0,19,-19,0,31,-31,0,0,0,0,0,0,0,0,0,0,0,0,0,0,0,0,50,-50
38017,"Cass County, ND",ND,22020,"Fargo, ND-MN",0,19,-19,0,0,0,0,0,0,0,0,0,0,0,0,0,0,0,0,0,0,0,19,-19
13127,"Glynn County, GA",GA,15260,"Brunswick, GA",0,19,-19,0,0,0,0,0,0,0,0,0,0,0,0,0,0,0,0,0,0,0,19,-19
01117,"Shelby County, AL",AL,13820,"Birmingham-Hoover, AL",0,18,-18,12,19,-7,0,0,0,0,0,0,0,0,0,0,0,0,0,0,0,12,37,-25
39057,"Greene County, OH",OH,19430,"Dayton-Kettering, OH",0,18,-18,0,0,0,0,0,0,0,0,0,0,0,0,0,0,0,0,0,0,0,18,-18
37191,"Wayne County, NC",NC,24140,"Goldsboro, NC",0,17,-17,0,32,-32,0,0,0,0,0,0,0,0,0,0,0,0,0,0,0,0,49,-49
37037,"Chatham County, NC",NC,20500,"Durham-Chapel Hill, NC",0,16,-16,0,0,0,0,0,0,0,0,0,0,0,0,0,0,0,0,0,0,0,16,-16
23019,"Penobscot County, ME",ME,12620,"Bangor, ME",0,15,-15,26,0,26,0,0,0,0,0,0,0,0,0,0,0,0,0,0,0,26,15,11
37093,"Hoke County, NC",NC,22180,"Fayetteville, NC",0,15,-15,0,0,0,0,0,0,0,0,0,0,0,0,0,0,0,0,0,0,0,15,-15
39155,"Trumbull County, OH",OH,49660,"Youngstown-Warren-Boardman, OH-PA",0,14,-14,0,0,0,0,0,0,0,0,0,0,0,0,0,0,0,0,0,0,0,14,-14
51095,"James City County, VA",VA,47260,"Virginia Beach-Norfolk-Newport News, VA-NC",0,14,-14,17,0,17,0,0,0,0,0,0,0,0,0,0,0,0,0,0,0,17,14,3
23009,"Hancock County, ME",ME,0,non-metro,0,14,-14,14,0,14,0,0,0,0,0,0,0,0,0,0,0,0,0,0,0,14,14,0
36115,"Washington County, NY",NY,24020,"Glens Falls, NY",0,14,-14,0,0,0,0,0,0,0,0,0,0,0,0,0,0,0,0,0,0,0,14,-14
26139,"Ottawa County, MI",MI,24340,"Grand Rapids-Kentwood, MI",0,13,-13,0,0,0,0,0,0,0,0,0,0,0,0,0,0,0,0,0,0,0,13,-13
22103,"St. Tammany Parish, LA",LA,35380,"New Orleans-Metairie, LA",0,13,-13,13,18,-5,0,0,0,0,0,0,0,0,0,0,0,0,0,0,0,13,31,-18
17037,"DeKalb County, IL",IL,16980,"Chicago-Naperville-Elgin, IL-IN-WI",0,13,-13,0,0,0,0,0,0,0,0,0,0,0,0,0,0,0,0,0,0,0,13,-13
53073,"Whatcom County, WA",WA,13380,"Bellingham, WA",0,12,-12,0,23,-23,0,0,0,0,0,0,0,0,0,0,0,0,0,0,0,0,35,-35
49011,"Davis County, UT",UT,36260,"Ogden-Clearfield, UT",0,0,0,27,26,1,0,0,0,0,0,0,0,0,0,0,0,0,0,0,0,27,26,1
42019,"Butler County, PA",PA,38300,"Pittsburgh, PA",0,0,0,21,20,1,0,0,0,0,0,0,0,0,0,0,0,0,0,0,0,21,20,1
47149,"Rutherford County, TN",TN,34980,"Nashville-Davidson--Murfreesboro--Franklin, TN",0,0,0,20,12,8,0,0,0,0,0,0,0,0,0,0,0,0,0,0,0,20,12,8
36031,"Essex County, NY",NY,0,non-metro,0,0,0,19,0,19,0,0,0,0,0,0,0,0,0,0,0,0,0,0,0,19,0,19
51680,"Lynchburg city, VA",VA,31340,"Lynchburg, VA",0,0,0,18,0,18,0,0,0,0,0,0,0,0,0,0,0,0,0,0,0,18,0,18
49053,"Washington County, UT",UT,41100,"St. George, UT",0,0,0,17,0,17,0,0,0,0,0,0,0,0,0,0,0,0,0,0,0,17,0,17
24013,"Carroll County, MD",MD,12580,"Baltimore-Columbia-Towson, MD",0,0,0,16,0,16,0,0,0,0,0,0,0,0,0,0,0,0,0,0,0,16,0,16
26049,"Genesee County, MI",MI,22420,"Flint, MI",0,0,0,15,50,-35,0,0,0,0,0,0,0,0,0,0,0,0,0,0,0,15,50,-35
56021,"Laramie County, WY",WY,16940,"Cheyenne, WY",0,0,0,15,0,15,0,0,0,0,0,0,0,0,0,0,0,0,0,0,0,15,0,15
30063,"Missoula County, MT",MT,33540,"Missoula, MT",0,0,0,15,0,15,0,0,0,0,0,0,0,0,0,0,0,0,0,0,0,15,0,15
31079,"Hall County, NE",NE,24260,"Grand Island, NE",0,0,0,13,0,13,0,0,0,0,0,0,0,0,0,0,0,0,0,0,0,13,0,13
39009,"Athens County, OH",OH,11900,"Athens, OH",0,0,0,13,0,13,0,0,0,0,0,0,0,0,0,0,0,0,0,0,0,13,0,13
54061,"Monongalia County, WV",WV,34060,"Morgantown, WV",0,0,0,13,0,13,0,0,0,0,0,0,0,0,0,0,0,0,0,0,0,13,0,13
36053,"Madison County, NY",NY,45060,"Syracuse, NY",0,0,0,13,12,1,0,0,0,0,0,0,0,0,0,0,0,0,0,0,0,13,12,1
28121,"Rankin County, MS",MS,27140,"Jackson, MS",0,0,0,12,0,12,0,0,0,0,0,0,0,0,0,0,0,0,0,0,0,12,0,12
33003,"Carroll County, NH",NH,0,non-metro,0,0,0,12,0,12,0,0,0,0,0,0,0,0,0,0,0,0,0,0,0,12,0,12
21117,"Kenton County, KY",KY,17140,"Cincinnati, OH-KY-IN",0,0,0,0,41,-41,0,0,0,0,0,0,0,0,0,0,0,0,0,0,0,0,41,-41
24015,"Cecil County, MD",MD,37980,"Philadelphia-Camden-Wilmington, PA-NJ-DE-MD",0,0,0,0,36,-36,0,0,0,0,0,0,0,0,0,0,0,0,0,0,0,0,36,-36
37019,"Brunswick County, NC",NC,34820,"Myrtle Beach-Conway-North Myrtle Beach, SC-NC",0,0,0,0,36,-36,0,0,0,0,0,0,0,0,0,0,0,0,0,0,0,0,36,-36
41029,"Jackson County, OR",OR,32780,"Medford, OR",0,0,0,0,35,-35,0,0,0,0,0,0,0,0,0,0,0,0,0,0,0,0,35,-35
37001,"Alamance County, NC",NC,15500,"Burlington, NC",0,0,0,0,34,-34,0,0,0,0,0,0,0,0,0,0,0,0,0,0,0,0,34,-34
21227,"Warren County, KY",KY,14540,"Bowling Green, KY",0,0,0,0,28,-28,0,0,0,0,0,0,0,0,0,0,0,0,0,0,0,0,28,-28
13153,"Houston County, GA",GA,47580,"Warner Robins, GA",0,0,0,0,25,-25,0,0,0,0,0,0,0,0,0,0,0,0,0,0,0,0,25,-25
37159,"Rowan County, NC",NC,16740,"Charlotte-Concord-Gastonia, NC-SC",0,0,0,0,24,-24,0,0,0,0,0,0,0,0,0,0,0,0,0,0,0,0,24,-24
45043,"Georgetown County, SC",SC,23860,"Georgetown, SC",0,0,0,0,21,-21,0,0,0,0,0,0,0,0,0,0,0,0,0,0,0,0,21,-21
51800,"Suffolk city, VA",VA,47260,"Virginia Beach-Norfolk-Newport News, VA-NC",0,0,0,0,20,-20,0,0,0,0,0,0,0,0,0,0,0,0,0,0,0,0,20,-20
25007,"Dukes County, MA",MA,47240,"Vineyard Haven, MA",0,0,0,0,19,-19,0,0,0,0,0,0,0,0,0,0,0,0,0,0,0,0,19,-19
42007,"Beaver County, PA",PA,38300,"Pittsburgh, PA",0,0,0,0,19,-19,0,0,0,0,0,0,0,0,0,0,0,0,0,0,0,0,19,-19
22115,"Vernon Parish, LA",LA,22860,"Fort Polk South, LA",0,0,0,0,19,-19,0,0,0,0,0,0,0,0,0,0,0,0,0,0,0,0,19,-19
20161,"Riley County, KS",KS,31740,"Manhattan, KS",0,0,0,0,17,-17,0,0,0,0,0,0,0,0,0,0,0,0,0,0,0,0,17,-17
48309,"McLennan County, TX",TX,47380,"Waco, TX",0,0,0,0,15,-15,0,0,0,0,0,0,0,0,0,0,0,0,0,0,0,0,15,-15
23013,"Knox County, ME",ME,0,non-metro,0,0,0,0,14,-14,0,0,0,0,0,0,0,0,0,0,0,0,0,0,0,0,14,-14
17143,"Peoria County, IL",IL,37900,"Peoria, IL",0,0,0,0,12,-12,0,0,0,0,0,0,0,0,0,0,0,0,0,0,0,0,12,-12
54011,"Cabell County, WV",WV,26580,"Huntington-Ashland, WV-KY-OH",0,0,0,0,10,-10,0,0,0,0,0,0,0,0,0,0,0,0,0,0,0,0,10,-10
13255,"Spalding County, GA",GA,12060,"Atlanta-Sandy Springs-Alpharetta, GA",0,0,0,0,0,0,0,0,0,0,0,0,0,37,-37,0,0,0,0,0,0,0,37,-37
18081,"Johnson County, IN",IN,26900,"Indianapolis-Carmel-Anderson, IN",0,0,0,0,0,0,0,0,0,0,0,0,0,0,0,0,76,-76,0,67,-67,0,143,-143
56039,"Teton County, WY",WY,27220,"Jackson, WY-ID",0,0,0,0,0,0,0,0,0,0,0,0,0,0,0,0,0,0,0,27,-27,0,27,-27
